164 2999998
73 2999831
82 2999986
64 2999710
2 2999863
10 2999386
349 2999936
373 2999891
94 2999954
199 2999866
31 2999977
80 2999890
76 2999953
28 2999920
130 2999929
65 2999938
337 2999953
28 2999869
34 2999834
58 2999999
104 2999986
199 2999920
202 2999866
547 2999954
71 2999998
361 2999932
94 2999830
76 2999956
460 2999930
32 2999506
109 2999869
208 2999882
68 2999971
131 2999978
79 2999888
178 2999867
55 2999869
214 2999974
4 2999926
40 2999909
386 2999965
136 2999999
7 2999885
46 2999690
310 2999815
154 2999974
143 2999935
10 2999996
106 2999938
41 2999708
106 2999864
13 2999992
409 2999704
232 2999992
80 2999834
263 2999926
79 2999972
157 2999908
214 2999963
157 2999953
100 2999918
112 2999720
173 2999947
131 2999990
107 2999890
65 2999773
607 2999431
167 2999941
208 2999669
121 2999756
154 2999941
74 2999786
82 2999986
25 2999923
82 2999621
346 2999975
34 2999945
536 2999755
2 2999827
193 2999687
13 2999986
37 2999690
113 2999197
49 2999914
179 2999960
145 2999923
428 2999779
59 2999992
10 2999971
94 2999897
182 2999887
31 2999926
313 2999837
7 2999753
152 2999873
205 2999986
65 2999968
7 2999899
49 2999926
176 2999771
37 2999999
133 2999989
11 2999911
80 2999926
68 2999878
145 2999863
23 2999989
76 2999960
11 2999989
64 2999996
436 2999911
257 2999815
499 2999975
142 2999797
29 2999836
122 2999939
19 2999668
14 2999872
28 2999743
122 2999915
25 2999942
190 2999948
67 2999983
355 2999927
505 2999977
58 2999885
214 2999753
217 2999614
19 2999701
82 2999968
53 2999975
41 2999845
175 2999990
151 2999866
1 2999947
253 2999902
26 2999974
17 2999662
802 2999968
28 2999888
5 2999908
52 2999945
52 2999069
100 2999897
16 2999794
152 2999944
157 2999914
95 2999956
160 2999978
139 2999998
94 2999636
311 2999902
64 2999879
26 2999857
284 2999527
160 2999605
32 2999998
10 2999980
14 2999875
55 2999164
13 2999860
161 2999894
457 2999890
85 2999971
143 2999852
37 2999842
34 2999845
142 2999914
130 2999731
80 2999890
50 2999962
82 2999810
127 2999977
5 2999884
313 2999924
328 2999915
55 2999995
46 2999890
2 2999833
38 2999695
205 2999941
16 2999935
40 2999734
326 2999809
46 2999815
85 2999965
13 2999980
154 2999668
280 2999816
58 2999938
295 2999870
43 2999971
112 2999804
113 2999989
49 2999857
38 2999797
23 2999767
101 2999893
29 2999977
19 2999833
40 2999695
361 2999902
25 2999845
17 2999980
8 2999855
5 2999938
188 2999866
103 2999921
91 2999992
49 2999999
106 2999872
14 2999999
32 2999996
73 2999789
19 2999627
229 2999492
454 2999972
70 2999903
163 2999870
118 2999887
19 2999996
136 2999993
28 2999968
2 2999900
119 2999959
305 2999945
1 2999966
424 2999843
499 2999720
14 2999998
79 2999818
13 2999704
10 2999974
226 2999848
217 2999992
200 2999924
10 2999905
2 2999779
23 2999921
31 2999903
139 2999899
145 2999939
37 2999809
37 2999954
31 2999902
52 2999939
194 2999980
67 2999818
28 2999932
341 2999801
143 2999603
310 2999885
62 2999395
91 2999785
67 2999968
592 2999944
10 2999951
256 2999554
28 2999803
25 2999986
94 2999840
59 2999978
77 2999954
16 2999972
17 2999813
101 2999876
67 2999834
161 2999986
94 2999758
31 2999957
106 2999813
209 2999936
68 2999902
46 2999689
170 2999746
41 2999944
289 2999905
152 2999971
1 2999986
49 2999743
5 2999950
34 2999939
136 2999854
244 2999948
245 2999777
557 2999989
31 2999965
13 2999972
190 2999921
92 2999957
89 2999984
98 2999888
92 2999974
124 2999965
1 2999971
14 2999920
98 2999761
25 2999689
163 2999959
314 2999948
20 2999945
100 2999881
46 2999971
335 2999710
178 2999554
118 2999927
10 2999996
49 2999575
223 2999914
47 2999959
137 2999911
166 2999512
247 2999969
13 2999953
5 2999869
7 2999899
254 2999909
55 2999885
61 2999876
259 2999923
35 2999986
203 2999981
86 2999938
11 2999896
176 2999875
157 2999809
352 2999936
164 2999983
92 2999993
163 2999879
10 2999818
25 2999980
200 2999996
88 2999719
13 2999981
95 2999833
161 2999641
73 2999962
7 2999878
173 2999996
107 2999981
52 2999980
10 2999929
53 2999995
49 2999791
55 2999894
112 2999938
322 2999584
7 2999992
43 2999929
97 2999965
46 2999941
122 2999893
31 2999860
38 2999999
155 2999690
215 2999993
223 2999980
124 2999987
25 2999968
145 2999836
55 2999977
34 2999977
22 2999971
319 2999996
16 2999980
139 2999966
95 2999923
19 2999999
286 2999935
101 2999909
338 2999596
149 2999956
253 2999590
82 2999887
181 2999576
136 2999959
76 2999851
289 2999980
598 2999959
302 2999911
185 2999882
4 2999815
103 2999926
13 2999999
31 2999846
61 2999873
203 2999881
55 2999833
193 2999941
181 2999782
37 2999887
334 2999974
38 2999932
44 2999650
25 2999971
38 2999879
37 2999803
88 2999896
19 2999884
116 2999971
163 2999599
85 2999864
7 2999498
160 2999719
1 2999950
46 2999830
344 2999989
106 2999933
37 2999782
7 2999899
22 2999959
358 2999563
157 2999695
38 2999995
127 2999977
227 2999783
77 2999999
49 2999939
154 2999899
37 2999926
52 2999786
19 2999894
148 2999701
145 2999995
481 2999963
7 2999659
502 2999996
10 2999957
112 2999800
65 2999843
13 2999816
56 2999981
82 2999935
7 2999996
13 2999915
152 2999542
4 2999714
22 2999974
28 2999855
19 2999684
14 2999956
112 2999923
59 2999911
310 2999908
50 2999971
94 2999933
41 2999972
28 2999977
227 2999881
127 2999750
134 2999836
1 2999935
85 2999969
31 2999860
203 2999989
88 2999941
229 2999984
67 2999959
13 2999947
56 2999875
10 2999747
167 2999899
58 2999866
116 2999923
10 2999780
238 2999929
41 2999828
125 2999929
281 2999956
115 2999938
142 2999993
130 2999879
40 2999852
73 2999936
85 2999914
86 2999884
319 2999927
95 2999831
31 2999977
310 2999981
50 2999986
2 2999941
140 2999746
11 2999966
151 2999789
163 2999959
19 2999725
11 2999917
188 2999917
34 2999962
106 2999960
2 2999933
70 2999950
710 2999819
233 2999980
64 2999936
220 2999831
202 2999719
235 2999998
400 2999954
79 2999974
16 2999896
188 2999831
139 2999956
97 2999968
85 2999848
62 2999845
25 2999665
398 2999915
94 2999995
82 2999981
133 2999890
32 2999899
431 2999729
55 2999740
139 2999999
199 2999992
121 2999851
178 2999861
265 2999953
20 2999863
58 2999968
58 2999849
265 2999923
5 2999806
475 2999908
13 2999905
155 2999932
38 2999809
97 2999959
50 2999947
146 2999953
148 2999752
203 2999869
187 2999906
14 2999974
67 2999368
181 2999948
283 2999596
49 2999585
73 2999962
10 2999854
83 2999983
40 2999941
53 2999905
44 2999737
94 2999999
17 2999971
5 2999926
355 2999977
58 2999936
112 2999926
103 2999959
193 2999999
49 2999756
16 2999825
55 2999953
254 2999647
337 2999152
88 2999990
44 2999086
734 2999980
22 2999884
85 2999668
79 2999981
164 2999941
85 2999590
32 2999960
200 2999752
172 2999828
32 2999995
28 2999954
44 2999950
10 2999909
85 2999903
205 2999578
46 2999917
451 2999782
28 2999948
44 2999974
82 2999914
104 2999869
175 2999722
229 2999923
233 2999929
151 2999899
110 2999950
1 2999948
85 2999923
79 2999924
28 2999965
211 2999984
13 2999776
295 2999974
10 2999989
5 2999860
1 2999887
116 2999992
262 2999993
340 2999996
148 2999569
227 2999950
274 2999995
29 2999812
40 2999914
10 2999857
235 2999962
163 2999920
124 2999978
157 2999980
127 2999839
106 2999999
589 2999986
64 2999933
172 2999920
122 2999779
118 2999926
35 2999987
56 2999918
236 2999605
65 2999557
50 2999999
526 2999780
100 2999986
211 2999996
16 2999836
44 2999797
406 2999894
176 2999923
248 2999962
190 2999290
73 2999887
152 2999965
130 2999977
13 2999989
157 2999950
118 2999695
76 2999719
115 2999780
2 2999923
229 2999989
91 2999912
50 2999980
89 2999999
184 2999948
79 2999674
70 2999990
193 2999965
41 2999557
100 2999911
314 2999912
19 2999917
67 2999891
88 2999962
53 2999909
16 2999731
23 2999999
136 2999956
16 2999992
136 2999945
382 2999605
166 2999861
16 2999734
37 2999770
112 2999941
296 2999774
140 2999882
37 2999875
13 2999951
25 2999636
1 2999968
130 2999977
49 2999552
271 2999749
58 2999821
361 2999972
145 2999953
103 2999981
29 2999938
49 2999935
70 2999911
196 2999965
64 2999968
262 2999902
67 2999909
215 2999950
88 2999902
242 2999813
314 2999930
241 2999981
98 2999948
143 2999957
107 2999915
562 2999791
149 2999678
22 2999995
70 2999945
47 2999999
25 2999950
35 2999692
101 2999980
11 2999962
31 2999908
218 2999626
49 2999986
293 2999978
100 2999800
98 2999971
85 2999618
13 2999944
446 2999926
106 2999812
43 2999902
46 2999977
274 2999968
13 2999956
49 2999773
74 2999996
121 2999647
37 2999734
100 2999941
128 2999932
31 2999978
50 2999918
418 2999926
145 2999990
38 2999932
79 2999798
91 2999704
83 2999854
100 2999614
25 2999902
11 2999990
13 2999989
508 2999555
97 2999722
238 2999935
163 2999990
316 2999996
139 2999932
85 2999888
67 2999986
175 2999977
172 2999908
46 2999903
7 2999833
5 2999948
215 2999864
46 2999908
55 2999999
11 2999938
11 2999983
55 2999926
28 2999980
4 2999854
68 2999920
22 2999890
19 2999375
43 2999869
16 2999992
158 2999908
166 2999894
416 2999983
391 2999968
130 2999944
430 2999923
196 2999983
16 2999527
55 2999983
205 2999873
122 2999849
286 2999920
173 2999872
125 2999941
161 2999995
100 2999971
316 2999968
28 2999947
91 2999968
139 2999983
46 2999969
344 2999713
227 2999974
326 2999942
151 2999785
137 2999998
64 2999846
169 2999839
5 2999990
46 2999815
226 2999638
115 2999969
79 2999923
232 2999977
4 2999869
154 2999900
133 2999950
173 2999932
94 2999917
118 2999992
13 2999810
4 2999962
557 2999845
178 2999872
80 2999935
493 2999962
4 2999846
23 2999914
40 2999687
130 2999948
181 2999827
247 2999947
74 2999945
43 2999995
142 2999999
101 2999942
41 2999956
259 2999968
68 2999962
146 2999960
38 2999971
307 2999891
79 2999944
187 2999725
23 2999311
158 2999980
320 2999912
202 2999893
64 2999923
73 2999899
73 2999860
7 2999855
151 2999921
277 2999891
25 2999824
250 2999924
143 2999873
83 2999998
98 2999906
7 2999924
277 2999669
194 2999863
76 2999978
22 2999962
238 2999981
115 2999890
85 2999371
107 2999821
160 2999875
118 2999987
68 2999843
169 2999920
23 2999965
137 2999870
46 2999818
47 2999879
119 2999845
40 2999971
31 2999890
13 2999941
4 2999785
25 2999527
64 2999995
40 2999911
199 2999785
235 2999887
166 2999953
28 2999816
59 2999962
187 2999932
574 2999974
223 2999941
118 2999989
145 2999762
176 2999677
47 2999950
115 2999833
292 2999710
328 2999819
280 2999930
254 2999957
8 2999980
17 2999843
19 2999978
487 2999777
145 2999647
40 2999951
13 2999980
13 2999929
32 2999990
53 2999855
124 2999977
208 2999987
19 2999845
238 2999789
200 2999632
193 2999896
25 2999980
34 2999957
70 2999677
70 2999987
19 2999870
26 2999674
196 2999990
218 2999992
176 2999824
29 2999524
203 2999999
5 2999642
134 2999761
329 2999923
13 2999975
179 2999995
29 2999989
71 2999966
449 2999846
82 2999974
25 2999770
16 2999986
50 2999983
85 2999782
221 2999695
107 2999809
151 2999759
284 2999971
28 2999641
127 2999552
76 2999554
463 2999917
152 2999935
2 2999965
326 2999963
22 2999983
68 2999950
379 2999882
229 2999915
79 2999962
187 2999900
22 2999744
10 2999741
34 2999999
70 2999998
103 2999866
266 2999842
131 2999974
263 2999795
103 2999971
205 2999896
304 2999959
83 2999971
26 2999825
316 2999935
233 2999986
2 2999857
8 2999957
431 2999855
19 2999584
44 2999593
167 2999986
22 2999998
46 2999947
205 2999578
20 2999998
112 2999731
77 2999603
34 2999837
20 2999737
262 2999953
290 2999972
40 2999911
164 2999857
61 2999993
187 2999750
199 2999846
7 2999557
23 2999900
103 2999911
139 2999632
88 2999951
430 2999758
358 2999996
2 2999989
70 2999956
26 2999869
199 2999941
43 2999945
56 2999995
5 2999581
337 2999965
202 2999956
7 2999983
2 2999953
187 2999866
52 2999975
103 2999930
295 2999897
532 2999893
85 2999485
20 2999872
200 2999782
25 2999975
311 2999989
277 2999824
10 2999992
295 2999734
326 2999902
97 2999674
77 2999914
209 2999992
80 2999894
139 2999923
59 2999660
64 2999737
172 2999851
52 2999918
64 2999723
136 2999980
8 2999773
142 2999987
16 2999959
151 2999974
248 2999999
29 2999686
416 2999941
16 2999941
61 2999800
188 2999993
16 2999969
47 2999872
46 2999930
77 2999791
187 2999935
505 2999885
25 2999972
59 2999920
7 2999870
212 2999890
47 2999920
89 2999813
263 2999918
5 2999948
61 2999810
47 2999947
19 2999677
200 2999971
131 2999992
113 2999848
0 600038145
2 2999843
889 2999783
68 2999974
55 2999944
134 2999953
19 2999731
17 2999986
7 2999842
79 2999837
43 2999993
379 2999914
16 2999998
82 2999938
1 2999972
157 2999948
22 2999779
32 2999861
34 2999834
169 2999968
19 2999990
140 2999792
125 2999950
26 2999783
238 2999591
95 2999914
358 2999615
31 2999575
22 2999893
32 2999924
100 2999947
50 2999947
214 2999971
139 2999879
95 2999990
1 2999992
43 2999843
611 2999992
68 2999992
322 2999753
466 2999879
10 2999983
151 2999896
281 2999740
50 2999975
49 2999867
322 2999873
85 2999983
143 2999825
23 2999996
229 2999746
64 2999965
130 2999992
110 2999479
62 2999773
391 2999923
34 2999951
64 2999911
52 2999965
104 2999941
58 2999980
28 2999999
26 2999674
58 2999987
568 2999975
118 2999650
37 2999765
56 2999824
23 2999914
62 2999941
128 2999987
139 2999905
59 2999981
8 2999942
14 2999791
131 2999974
31 2999861
52 2999863
110 2999948
95 2999899
155 2999800
287 2999959
64 2999602
31 2999845
97 2999839
53 2999983
43 2999995
413 2999992
112 2999792
8 2999963
466 2999777
277 2999963
160 2999914
79 2999930
128 2999942
116 2999947
14 2999963
250 2999900
53 2999993
17 2999809
43 2999984
10 2999896
269 2999959
50 2999693
4 2999999
77 2999983
520 2999945
103 2999780
100 2999965
113 2999786
85 2999716
130 2999854
566 2999867
509 2999794
100 2999762
79 2999791
10 2999866
4 2999693
35 2999734
19 2999890
34 2999983
67 2999891
4 2999855
67 2999878
128 2999705
59 2999984
205 2999980
11 2999918
317 2999963
7 2999830
187 2999998
28 2999995
97 2999915
25 2999998
10 2999966
104 2999989
248 2999984
106 2999902
19 2999935
31 2999758
16 2999981
65 2999908
61 2999966
7 2999857
2 2999902
65 2999864
152 2999959
230 2999950
113 2999920
383 2999936
62 2999870
2 2999872
116 2999986
266 2999908
110 2999806
271 2999833
340 2999789
2 2999995
70 2999987
130 2999860
74 2999942
26 2999950
115 2999854
160 2999824
379 2999917
140 2999972
115 2999836
13 2999890
292 2999975
109 2999906
44 2999996
121 2999908
55 2999999
85 2999960
80 2999948
47 2999591
268 2999803
4 2999999
35 2999908
25 2999813
38 2999644
565 2999935
172 2999914
310 2999917
41 2999977
88 2999761
79 2999990
53 2999929
71 2999923
55 2999990
53 2999969
44 2999587
50 2999452
88 2999623
44 2999923
17 2999965
64 2999854
304 2999971
2 2999509
61 2999878
61 2999779
229 2999863
7 2999665
88 2999794
32 2999932
187 2999863
431 2999819
122 2999939
602 2999965
25 2999690
124 2999794
358 2999902
77 2999999
85 2999888
43 2999756
50 2999950
161 2999887
34 2999746
71 2999962
40 2999983
25 2999812
167 2999995
37 2999921
59 2999875
176 2999996
76 2999903
43 2999999
8 2999957
56 2999455
43 2999710
25 2999953
41 2999896
362 2999843
140 2999936
148 2999836
118 2999966
56 2999968
40 2999941
22 2999756
40 2999764
29 2999965
55 2999947
226 2999894
16 2999947
197 2999986
4 2999830
142 2999965
139 2999887
263 2999974
367 2999644
155 2999878
229 2999977
55 2999941
79 2999854
64 2999975
277 2999980
52 2999986
260 2999527
43 2999876
190 2999884
245 2999932
524 2999560
211 2999833
61 2999930
64 2999914
38 2999566
74 2999812
151 2999930
530 2999983
206 2999891
22 2999893
79 2999998
328 2999872
94 2999956
58 2999944
44 2999872
82 2999803
139 2999672
52 2999851
22 2999920
215 2999782
397 2999605
34 2999849
11 2999827
16 2999572
214 2999837
151 2999584
253 2999573
7 2999863
58 2999996
79 2999930
83 2999990
142 2999957
82 2999468
172 2999692
196 2999972
17 2999785
340 2999845
58 2999887
37 2999993
263 2999761
46 2999870
13 2999957
31 2999758
299 2999893
25 2999884
499 2999989
74 2999320
41 2999872
4 2999992
46 2999993
70 2999971
46 2999854
151 2999924
73 2999974
86 2999917
55 2999996
82 2999924
154 2999578
38 2999906
104 2999818
94 2999857
46 2999710
79 2999917
28 2999909
118 2999978
26 2999770
64 2999926
295 2999878
95 2999951
25 2999890
55 2999833
4 2999945
133 2999986
121 2999791
157 2999605
74 2999824
98 2999851
136 2999879
7 2999977
59 2999737
85 2999992
94 2999978
19 2999945
115 2999746
70 2999866
58 2999698
373 2999905
34 2999882
34 2999824
95 2999785
148 2999791
253 2999869
53 2999996
11 2999921
82 2999960
91 2999926
130 2999884
1 2999950
416 2999977
239 2999980
22 2999984
148 2999429
94 2999857
10 2999926
80 2999975
178 2999930
181 2999950
193 2999912
305 2999819
43 2999720
14 2999998
134 2999884
70 2999917
73 2999993
31 2999837
40 2999725
92 2999914
91 2999950
52 2999974
85 2999863
326 2999992
55 2999809
40 2999692
58 2999957
2 2999860
131 2999965
22 2999461
157 2999972
353 2999948
352 2999986
178 2999878
61 2999788
91 2999953
85 2999986
349 2999989
44 2999953
122 2999680
365 2999860
8 2999993
52 2999845
40 2999905
19 2999756
497 2999926
181 2999870
1 2999935
29 2999968
208 2999917
40 2999828
8 2999999
28 2999761
88 2999974
250 2999494
68 2999984
7 2999246
2 2999875
113 2999996
200 2999966
1 2999971
91 2999923
175 2999902
40 2999986
20 2999908
361 2999698
137 2999927
67 2999956
28 2999908
2 2999983
61 2999986
95 2999995
190 2999731
46 2999659
97 2999920
22 2999998
158 2999947
49 2999971
34 2999965
74 2999930
196 2999930
103 2999947
88 2999962
151 2999947
79 2999980
410 2999980
104 2999885
139 2999992
55 2999779
127 2999950
139 2999939
47 2999968
4 2999821
58 2999783
82 2999755
133 2999882
58 2999980
214 2999842
247 2999917
116 2999854
34 2999863
565 2999929
104 2999983
85 2999977
34 2999849
7 2999950
97 2999842
142 2999951
23 2999794
209 2999903
58 2999999
254 2999977
74 2999725
292 2999884
23 2999941
7 2999698
161 2999860
73 2999800
26 2999818
71 2999788
157 2999746
325 2999950
47 2999839
4 2999881
91 2999980
350 2999956
64 2999893
139 2999968
62 2999948
29 2999884
187 2999974
130 2999948
13 2999995
28 2999761
80 2999830
53 2999981
71 2999945
146 2999833
409 2999983
58 2999527
37 2999968
149 2999912
103 2999980
41 2999972
202 2999855
139 2999861
59 2999809
370 2999965
22 2999489
40 2999884
5 2999851
199 2999911
19 2999998
7 2999848
250 2999812
56 2999923
59 2999929
50 2999989
19 2999960
46 2999860
89 2999935
58 2999860
67 2999966
118 2999872
19 2999893
10 2999627
190 2999797
223 2999813
82 2999896
41 2999936
22 2999869
344 2999953
11 2999989
130 2999824
82 2999857
1 2999906
112 2999807
157 2999999
74 2999908
25 2999719
101 2999899
283 2999996
271 2999984
19 2999884
37 2999999
16 2999791
94 2999993
140 2999942
34 2999921
32 2999213
100 2999704
46 2999977
199 2999716
13 2999974
359 2999632
242 2999962
113 2999981
127 2999971
10 2999771
227 2999879
154 2999998
457 2999975
58 2999819
95 2999860
38 2999713
34 2999951
11 2999710
40 2999972
214 2999755
47 2999810
64 2999960
25 2999807
10 2999777
103 2999855
133 2999983
88 2999959
82 2999912
79 2999983
37 2999956
43 2999960
331 2999995
38 2999933
83 2999950
133 2999873
121 2999860
206 2999837
17 2999917
68 2999995
91 2999881
446 2999588
259 2999863
37 2999902
160 2999995
91 2999948
112 2999939
91 2999968
37 2999861
112 2999966
484 2999993
74 2999993
4 2999785
10 2999813
43 2999929
119 2999749
214 2999921
58 2999875
1 2999935
265 2999942
100 2999584
106 2999947
98 2999864
91 2999920
77 2999758
1 2999933
218 2999917
145 2999660
22 2999342
73 2999992
79 2999968
466 2999737
8 2999971
13 2999926
34 2999872
151 2999644
7 2999806
7 2999990
580 2999927
136 2999932
17 2999885
352 2999869
28 2999965
14 2999839
97 2999944
56 2999860
16 2999968
52 2999797
256 2999716
400 2999914
40 2999993
97 2999587
311 2999425
175 2999983
214 2999272
109 2999806
13 2999932
331 2999977
43 2999995
46 2999990
59 2999965
22 2999879
29 2999827
385 2999753
118 2999935
272 2999923
205 2999971
191 2999938
82 2999986
217 2999899
53 2999884
38 2999968
61 2999911
34 2999974
22 2999944
32 2999573
260 2999879
86 2999776
67 2999968
31 2999995
85 2999972
7 2999911
7 2999980
205 2999989
188 2999948
185 2999707
38 2999980
277 2999945
110 2999962
43 2999825
238 2999848
97 2999929
83 2999995
367 2999735
43 2999935
31 2999941
37 2999944
49 2999905
259 2999933
329 2999891
77 2999536
253 2999998
85 2999995
262 2999968
91 2999993
62 2999803
4 2999879
49 2999923
4 2999912
475 2999936
121 2999908
293 2999965
49 2999989
73 2999950
73 2999920
23 2999996
143 2999998
268 2999950
403 2999894
37 2999950
46 2999801
16 2999995
61 2999948
220 2999812
59 2999837
40 2999845
95 2999941
37 2999729
5 2999929
148 2999857
7 2999965
88 2999999
62 2999966
88 2999899
493 2999321
172 2999996
175 2999929
28 2999825
31 2999962
241 2999881
236 2999863
181 2999876
73 2999867
169 2999995
134 2999960
283 2999917
163 2999947
358 2999662
154 2999716
199 2999909
28 2999698
160 2999485
157 2999915
307 2999980
125 2999962
311 2999860
53 2999960
58 2999585
94 2999977
13 2999827
227 2999959
152 2999977
143 2999942
31 2999951
281 2999918
25 2999881
44 2999840
40 2999932
226 2999626
49 2999936
215 2999995
38 2999977
146 2999738
4 2999962
316 2999824
43 2999858
2 2999945
211 2999794
56 2999980
397 2999957
79 2999887
16 2999968
55 2999708
25 2999926
98 2999933
286 2999845
47 2999999
163 2999626
19 2999908
205 2999896
265 2999903
203 2999867
169 2999590
205 2999834
34 2999843
19 2999896
374 2999966
178 2999851
34 2999911
136 2999959
22 2999908
25 2999825
23 2999974
85 2999740
2 2999962
67 2999887
28 2999987
329 2999945
4 2999875
179 2999785
37 2999899
4 2999977
62 2999866
139 2999797
67 2999993
2 2999824
110 2999926
155 2999807
68 2999986
56 2999756
175 2999926
262 2999986
7 2999929
29 2999930
14 2999896
13 2999869
271 2999920
47 2999932
130 2999933
116 2999918
73 2999929
20 2999956
25 2999980
16 2999815
58 2999963
49 2999914
583 2999732
37 2999911
106 2999974
230 2999908
25 2999920
271 2999627
2 2999887
55 2999773
88 2999788
545 2999878
70 2999980
184 2999855
70 2999896
89 2999857
25 2999971
26 2999915
109 2999971
28 2999896
53 2999962
277 2999929
113 2999915
254 2999995
70 2999971
31 2999975
43 2999944
140 2999929
244 2999767
220 2999881
59 2999924
401 2999645
31 2999962
46 2999992
89 2999990
49 2999974
53 2999971
61 2999929
304 2999834
22 2999963
32 2999917
25 2999986
97 2999951
46 2999951
65 2999815
223 2999903
16 2999971
67 2999935
70 2999608
34 2999702
133 2999968
13 2999864
32 2999974
118 2999965
175 2999959
46 2999974
16 2999983
7 2999737
37 2999561
25 2999948
127 2999980
220 2999864
22 2999986
199 2999780
104 2999920
124 2999897
136 2999971
7 2999902
1 2999996
64 2999984
64 2999782
173 2999999
37 2999956
46 2999956
155 2999980
61 2999972
304 2999920
106 2999893
539 2999861
176 2999821
43 2999818
25 2999785
112 2999779
778 2999977
46 2999974
38 2999914
194 2999875
32 2999911
13 2999809
140 2999488
94 2999537
199 2999900
73 2999873
92 2999935
109 2999947
65 2999858
31 2999744
13 2999954
109 2999924
22 2999848
67 2999827
4 2999992
529 2999921
188 2999726
11 2999864
19 2999963
58 2999917
49 2999878
190 2999926
14 2999827
19 2999972
16 2999962
283 2999873
139 2999812
190 2999984
20 2999996
34 2999890
119 2999992
53 2999956
41 2999848
326 2999962
61 2999803
331 2999992
194 2999992
247 2999576
343 2999975
413 2999977
238 2999986
160 2999633
119 2999725
82 2999848
47 2999926
374 2999921
68 2999996
100 2999758
223 2999999
97 2999870
440 2999641
19 2999755
154 2999981
55 2999870
187 2999863
35 2999992
7 2999990
136 2999818
40 2999818
22 2999747
182 2999839
2 2999944
55 2999869
220 2999794
35 2999998
76 2999930
8 2999518
53 2999957
329 2999959
298 2999819
191 2999998
13 2999876
346 2999974
64 2999890
85 2999824
82 2999998
67 2999968
83 2999981
28 2999737
175 2999809
124 2999966
148 2999998
71 2999986
23 2999761
2 2999798
52 2999963
73 2999998
25 2999846
488 2999840
38 2999881
55 2999756
160 2999998
77 2999926
253 2999950
166 2999656
149 2999975
25 2999956
130 2999933
76 2999863
28 2999695
140 2999887
1 2999965
22 2999986
265 2999782
52 2999935
130 2999717
115 2999962
7 2999899
52 2999836
277 2999852
130 2999849
44 2999587
206 2999960
136 2999968
239 2999891
55 2999995
82 2999914
139 2999767
97 2999972
208 2999608
73 2999986
59 2999882
493 2999978
100 2999993
38 2999734
34 2999996
257 2999983
92 2999849
49 2999870
52 2999935
287 2999648
103 2999938
85 2999914
104 2999899
23 2999959
106 2999692
22 2999866
203 2999987
286 2999330
89 2999573
223 2999914
8 2999854
0 600038145
34 2999671
58 2999977
73 2999839
4 2999789
163 2999938
8 2999720
197 2999909
283 2999927
370 2999986
73 2999806
34 2999953
124 2999959
83 2999798
154 2999680
20 2999989
145 2999833
19 2999980
23 2999792
139 2999932
230 2999903
193 2999909
14 2999999
10 2999980
169 2999618
283 2999974
268 2999936
350 2999615
244 2999896
5 2999767
104 2999735
11 2999762
200 2999929
298 2999918
44 2999998
2 2999875
106 2999902
28 2999842
37 2999914
13 2999750
152 2999744
325 2999906
8 2999590
70 2999704
14 2999959
173 2999980
23 2999947
242 2999957
43 2999893
61 2999860
131 2999840
31 2999806
70 2999798
251 2999891
34 2999684
196 2999914
241 2999924
206 2999861
20 2999926
44 2999969
152 2999995
64 2999965
61 2999981
257 2999848
226 2999915
136 2999858
260 2999950
203 2999795
46 2999920
529 2999836
125 2999975
8 2999815
280 2999978
82 2999875
122 2999755
82 2999560
97 2999942
253 2999917
52 2999968
16 2999689
37 2999990
13 2999900
202 2999953
77 2999701
202 2999599
56 2999980
203 2999828
64 2999605
23 2999935
175 2999872
229 2999851
16 2999593
2 2999770
224 2999929
73 2999917
409 2999804
16 2999875
46 2999912
29 2999894
170 2999992
334 2999968
22 2999827
44 2999926
52 2999755
155 2999839
158 2999776
46 2999896
76 2999888
25 2999716
91 2999633
43 2999830
137 2999914
58 2999962
7 2999731
73 2999995
26 2999810
25 2999812
59 2999743
172 2999959
154 2999936
160 2999863
44 2999881
19 2999942
100 2999986
11 2999999
89 2999983
88 2999903
19 2999899
70 2999938
98 2999653
73 2999974
25 2999986
380 2999683
73 2999929
127 2999986
124 2999953
262 2999978
166 2999953
139 2999881
67 2999962
1 2999999
41 2999785
109 2999863
29 2999935
52 2999563
19 2999839
70 2999986
112 2999860
221 2999767
124 2999995
304 2999923
148 2999947
179 2999911
13 2999927
406 2999753
100 2999983
119 2999873
20 2999840
152 2999813
136 2999881
209 2999818
28 2999734
103 2999944
16 2999863
434 2999890
64 2999905
520 2999783
76 2999993
79 2999849
10 2999983
91 2999888
203 2999671
28 2999905
46 2999891
145 2999896
46 2999756
34 2999891
112 2999855
118 2999920
52 2999981
56 2999926
187 2999932
14 2999986
109 2999908
17 2999767
64 2999857
148 2999959
40 2999998
151 2999999
61 2999917
235 2999953
128 2999842
161 2999954
1 2999993
289 2999782
61 2999882
68 2999995
167 2999989
67 2999998
128 2999848
5 2999890
17 2999981
22 2999564
106 2999932
139 2999989
7 2999851
50 2999972
173 2999899
44 2999981
152 2999956
28 2999899
97 2999867
47 2999933
338 2999989
241 2999941
50 2999834
28 2999999
53 2999782
109 2999924
16 2999903
68 2999960
344 2999950
17 2999998
127 2999978
40 2999762
148 2999810
100 2999969
308 2999915
118 2999915
32 2999815
4 2999596
415 2999863
58 2999996
34 2999902
71 2999885
97 2999950
142 2999773
116 2999977
7 2999915
49 2999752
241 2999944
157 2999240
127 2999906
52 2999852
190 2999992
37 2999899
64 2999989
46 2999753
47 2999984
185 2999959
164 2999878
4 2999899
313 2999897
32 2999848
106 2999851
11 2999891
223 2999989
119 2999932
238 2999867
28 2999837
100 2999548
137 2999833
350 2999918
44 2999779
53 2999942
86 2999980
82 2999810
394 2999960
23 2999905
59 2999822
7 2999996
121 2999969
14 2999893
10 2999986
25 2999912
31 2999945
218 2999777
70 2999987
14 2999998
172 2999923
319 2999899
22 2999947
25 2999821
22 2999902
268 2999965
44 2999962
109 2999581
461 2999945
142 2999971
1 2999989
187 2999993
205 2999953
62 2999915
218 2999840
16 2999746
710 2999971
242 2999623
265 2999992
98 2999999
17 2999969
52 2999893
124 2999846
22 2999990
241 2999846
70 2999968
11 2999968
286 2999569
196 2999908
187 2999860
65 2999806
68 2999899
49 2999966
22 2999888
209 2999875
31 2999524
26 2999737
1 2999911
179 2999984
4 2999897
106 2999974
178 2999837
28 2999543
46 2999752
280 2999969
44 2999947
4 2999975
223 2999839
211 2999617
85 2999830
11 2999980
52 2999897
337 2999831
43 2999782
145 2999980
11 2999864
22 2999975
70 2999929
28 2999803
83 2999827
20 2999764
104 2999965
28 2999963
548 2999899
77 2999623
47 2999902
7 2999935
4 2999899
176 2999923
115 2999947
80 2999836
146 2999890
73 2999878
11 2999992
74 2999872
503 2999827
26 2999887
70 2999959
19 2999819
259 2999734
71 2999861
67 2999921
119 2999935
104 2999848
71 2999813
34 2999861
115 2999959
83 2999956
1 2999965
241 2999899
220 2999926
304 2999884
281 2999941
172 2999992
11 2999920
32 2999995
280 2999842
61 2999945
59 2999938
82 2999833
97 2999875
167 2999995
209 2999962
53 2999986
142 2999981
286 2999963
230 2999965
91 2999996
116 2999999
151 2999810
112 2999818
37 2999759
313 2999869
166 2999896
53 2999965
17 2999750
508 2999935
100 2999893
52 2999968
29 2999974
112 2999980
113 2999962
97 2999893
11 2999914
19 2999944
202 2999938
19 2999987
205 2999936
121 2999972
68 2999866
124 2999999
64 2999821
31 2999999
223 2999866
49 2999990
34 2999926
139 2999975
98 2999683
118 2999923
190 2999977
77 2999831
142 2999983
91 2999833
35 2999833
25 2999656
334 2999920
43 2999683
35 2999618
16 2999987
86 2999833
193 2999866
37 2999965
73 2999887
94 2999996
68 2999602
28 2999980
148 2999977
7 2999995
32 2999941
169 2999966
11 2999957
4 2999729
317 2999950
106 2999791
89 2999962
37 2999999
112 2999780
25 2999783
205 2999992
40 2999656
50 2999866
158 2999785
305 2999956
8 2999884
20 2999909
11 2999953
38 2999941
367 2999875
70 2999824
470 2999989
50 2999986
220 2999956
29 2999863
79 2999986
298 2999692
130 2999921
110 2999936
34 2999899
406 2999948
448 2999968
433 2999818
41 2999704
100 2999837
67 2999912
7 2999893
58 2999995
127 2999924
25 2999938
152 2999576
113 2999822
49 2999926
26 2999915
91 2999965
4 2999968
8 2999941
118 2999638
97 2999833
302 2999851
16 2999884
8 2999978
7 2999623
92 2999941
26 2999803
331 2999965
389 2999848
145 2999953
149 2999929
19 2999938
401 2999936
530 2999860
440 2999992
257 2999878
520 2999786
178 2999980
172 2999929
131 2999956
154 2999998
28 2999992
113 2999992
14 2999929
16 2999999
229 2999878
244 2999797
13 2999915
253 2999767
23 2999951
37 2999737
328 2999771
43 2999923
293 2999968
34 2999878
79 2999894
37 2999921
103 2999882
236 2999860
127 2999914
253 2999848
43 2999944
121 2999983
253 2999992
76 2999863
136 2999899
7 2999728
13 2999972
67 2999962
31 2999782
281 2999992
35 2999788
76 2999984
238 2999815
547 2999993
145 2999839
52 2999548
61 2999692
211 2999941
202 2999903
155 2999980
346 2999869
133 2999836
56 2999749
145 2999888
79 2999821
70 2999959
67 2999995
43 2999861
148 2999993
112 2999957
505 2999981
41 2999983
190 2999999
40 2999842
32 2999908
140 2999630
40 2999932
10 2999896
296 2999993
91 2999950
247 2999947
70 2999890
164 2999915
44 2999816
145 2999786
58 2999851
127 2999962
130 2999711
118 2999987
4 2999894
89 2999716
5 2999689
34 2999761
62 2999866
62 2999894
196 2999881
37 2999785
86 2999617
140 2999944
350 2999752
157 2999884
97 2999903
32 2999996
397 2999914
103 2999816
187 2999809
28 2999974
140 2999963
223 2999770
58 2999965
5 2999812
58 2999698
179 2999870
14 2999807
38 2999810
130 2999902
49 2999860
67 2999962
286 2999884
134 2999809
88 2999854
422 2999737
196 2999984
49 2999798
83 2999884
50 2999825
112 2999776
34 2999569
163 2999956
193 2999894
32 2999915
187 2999914
212 2999947
124 2999363
26 2999975
52 2999989
67 2999887
35 2999999
13 2999998
4 2999956
140 2999881
145 2999983
44 2999858
28 2999971
88 2999944
22 2999968
179 2999899
16 2999983
73 2999923
58 2999927
19 2999968
61 2999936
109 2999948
100 2999981
40 2999998
307 2999998
146 2999812
121 2999863
122 2999921
88 2999729
146 2999998
41 2999884
53 2999971
118 2999978
64 2999851
55 2999818
391 2999947
91 2999932
109 2999947
20 2999449
40 2999893
208 2999948
337 2999693
167 2999990
88 2999932
10 2999905
29 2999831
226 2999996
112 2999752
595 2999899
70 2999981
260 2999990
322 2999959
22 2999989
86 2999735
77 2999986
13 2999890
88 2999960
4 2999851
38 2999974
190 2999875
157 2999902
73 2999908
137 2999977
73 2999981
245 2999728
128 2999992
29 2999959
155 2999867
124 2999927
7 2999921
139 2999950
64 2999533
160 2999702
4 2999900
98 2999980
100 2999953
92 2999977
16 2999983
100 2999899
40 2999993
220 2999680
275 2999893
161 2999947
98 2999980
268 2999920
194 2999963
61 2999984
140 2999995
259 2999803
241 2999983
32 2999968
142 2999804
166 2999890
32 2999927
86 2999981
94 2999947
110 2999986
101 2999926
17 2999984
185 2999620
2 2999845
17 2999788
235 2999884
47 2999984
139 2999909
25 2999974
13 2999950
154 2999827
4 2999968
115 2999936
4 2999900
41 2999782
166 2999771
133 2999906
10 2999800
23 2999945
61 2999764
11 2999951
214 2999677
115 2999966
400 2999966
4 2999614
215 2999990
68 2999804
88 2999998
121 2999998
46 2999875
28 2999989
38 2999944
320 2999912
32 2999842
8 2999836
17 2999965
14 2999953
8 2999998
98 2999789
64 2999966
76 2999944
418 2999938
31 2999941
22 2999885
16 2999849
251 2999944
274 2999933
170 2999789
7 2999966
61 2999465
560 2999830
7 2999989
19 2999944
109 2999866
20 2999834
86 2999975
196 2999954
26 2999933
31 2999599
38 2999959
61 2999935
172 2999902
118 2999648
485 2999959
188 2999935
22 2999999
133 2999729
131 2999854
13 2999947
91 2999800
230 2999441
115 2999987
62 2999983
236 2999663
244 2999749
97 2999860
109 2999756
26 2999999
436 2999965
175 2999936
86 2999711
175 2999971
10 2999854
47 2999989
94 2999824
1 2999962
29 2999995
94 2999926
74 2999920
214 2999762
7 2999834
61 2999903
29 2999554
226 2999987
115 2999873
650 2999872
50 2999626
589 2999932
34 2999542
13 2999920
580 2999974
142 2999713
176 2999809
106 2999975
289 2999911
97 2999995
373 2999881
22 2999977
37 2999983
436 2999857
685 2999897
58 2999909
268 2999897
337 2999905
49 2999842
262 2999545
97 2999815
115 2999915
463 2999983
103 2999911
28 2999842
179 2999680
265 2999876
296 2999879
95 2999686
31 2999977
22 2999470
70 2999962
22 2999983
157 2999977
223 2999956
106 2999341
148 2999762
16 2999944
26 2999903
37 2999236
20 2999962
61 2999578
167 2999866
31 2999935
88 2999905
37 2999707
70 2999969
370 2999837
241 2999797
187 2999848
98 2999993
284 2999782
421 2999950
82 2999930
169 2999870
55 2999900
223 2999998
91 2999903
89 2999992
152 2999914
109 2999897
415 2999878
4 2999998
82 2999881
25 2999992
5 2999899
376 2999567
172 2999773
76 2999747
113 2999494
449 2999566
142 2999893
52 2999996
55 2999881
122 2999800
424 2999911
53 2999966
113 2999804
650 2999863
110 2999914
55 2999911
218 2999884
1 2999977
115 2999953
146 2999888
271 2999857
112 2999902
2 2999944
25 2999695
7 2999926
43 2999872
67 2999987
112 2999998
238 2999956
7 2999975
52 2999872
97 2999797
85 2999920
41 2999860
209 2999903
200 2999894
142 2999944
46 2999971
82 2999881
182 2999975
125 2999920
137 2999828
139 2999977
40 2999981
668 2999914
136 2999936
58 2999905
94 2999975
368 2999867
208 2999725
118 2999849
148 2999533
28 2999975
7 2999794
331 2999768
152 2999917
16 2999740
22 2999950
107 2999926
179 2999839
31 2999927
4 2999704
16 2999926
26 2999725
143 2999918
148 2999773
76 2999933
203 2999891
4 2999947
37 2999869
62 2999962
166 2999831
104 2999980
347 2999918
703 2999905
34 2999807
49 2999986
148 2999416
106 2999926
52 2999827
34 2999972
43 2999846
97 2999953
206 2999971
17 2999992
86 2999870
46 2999773
223 2999959
10 2999899
67 2999903
38 2999965
383 2999924
8 2999969
322 2999836
212 2999993
4 2999791
2 2999926
277 2999705
8 2999929
34 2999968
10 2999933
880 2999911
133 2999938
20 2999974
35 2999899
19 2999939
146 2999611
94 2999998
37 2999695
58 2999863
70 2999221
31 2999932
293 2999875
79 2999698
170 2999947
25 2999906
98 2999989
163 2999989
49 2999806
19 2999968
172 2999824
58 2999956
136 2999879
14 2999902
130 2999926
268 2999978
25 2999971
16 2999950
124 2999503
154 2999905
83 2999893
103 2999993
193 2999986
28 2999818
98 2999950
47 2999969
80 2999903
253 2999962
22 2999977
262 2999459
214 2999977
253 2999750
194 2999917
746 2999768
19 2999737
64 2999897
301 2999858
70 2999965
280 2999773
14 2999935
16 2999971
32 2999959
37 2999960
313 2999710
7 2999887
10 2999942
55 2999773
35 2999951
28 2999981
268 2999989
20 2999863
10 2999792
164 2999998
46 2999938
4 2999998
28 2999992
37 2999954
38 2999938
179 2999794
274 2999962
127 2999666
16 2999914
43 2999704
0 600038145
106 2999963
134 2999995
34 2999873
71 2999936
148 2999866
41 2999980
64 2999884
16 2999962
43 2999980
104 2999773
64 2999996
112 2999945
38 2999995
236 2999974
10 2999992
55 2999942
91 2999978
484 2999950
214 2999824
122 2999900
160 2999947
140 2999989
56 2999908
218 2999791
65 2999827
19 2999825
424 2999819
5 2999992
23 2999764
247 2999947
4 2999758
124 2999743
220 2999911
110 2999783
19 2999990
187 2999809
88 2999947
97 2999944
218 2999995
115 2999935
131 2999824
7 2999911
235 2999980
55 2999992
140 2999996
112 2999971
748 2999845
14 2999555
143 2999993
157 2999836
355 2999983
31 2999896
85 2999761
49 2999792
487 2999977
134 2999917
38 2999998
37 2999980
85 2999903
59 2999947
79 2999941
64 2999713
19 2999977
13 2999854
46 2999884
74 2999963
257 2999554
70 2999878
28 2999881
98 2999968
52 2999815
184 2999866
55 2999954
265 2999828
16 2999828
127 2999855
13 2999957
62 2999632
412 2999977
493 2999993
17 2999909
2 2999998
136 2999698
74 2999869
181 2999885
227 2999707
47 2999999
304 2999584
62 2999983
49 2999815
278 2999777
28 2999911
101 2999855
53 2999917
25 2999800
271 2999636
35 2999947
77 2999957
166 2999999
182 2999842
88 2999995
49 2999933
61 2999743
115 2999995
217 2999920
56 2999678
28 2999989
64 2999791
139 2999866
112 2999701
115 2999999
7 2999704
43 2999999
32 2999968
194 2999917
82 2999822
7 2999980
52 2999756
128 2999870
179 2999686
116 2999977
82 2999936
64 2999870
158 2999953
224 2999861
119 2999947
175 2999977
308 2999990
61 2999888
28 2999666
94 2999956
67 2999917
64 2999818
196 2999761
70 2999900
85 2999867
16 2999956
667 2999956
98 2999897
319 2999990
245 2999995
79 2999878
98 2999887
25 2999896
50 2999888
40 2999845
172 2999936
313 2999959
73 2999648
80 2999867
64 2999983
55 2999881
125 2999947
172 2999749
16 2999929
1 2999986
127 2999932
133 2999866
191 2999737
67 2999932
28 2999980
226 2999578
166 2999834
29 2999755
163 2999737
50 2999827
212 2999872
62 2999995
466 2999986
236 2999956
29 2999978
13 2999804
160 2999990
136 2999918
229 2999992
187 2999953
64 2999983
77 2999911
25 2999875
235 2999911
226 2999950
22 2999911
92 2999980
196 2999735
109 2999942
44 2999999
472 2999861
13 2999995
25 2999969
290 2999668
11 2999884
77 2999507
52 2999915
43 2999980
17 2999870
88 2999969
133 2999917
46 2999857
119 2999846
290 2999861
55 2999590
34 2999981
4 2999995
32 2999996
61 2999780
64 2999995
145 2999992
46 2999971
1 2999995
35 2999890
85 2999761
217 2999663
64 2999989
8 2999875
43 2999869
145 2999861
169 2999977
389 2999975
13 2999687
7 2999957
61 2999593
77 2999989
7 2999900
37 2999996
19 2999905
155 2999692
526 2999953
109 2999813
26 2999977
19 2999936
61 2999957
5 2999662
152 2999875
49 2999911
187 2999668
119 2999732
5 2999971
29 2999977
59 2999992
52 2999942
82 2999767
31 2999995
79 2999936
67 2999644
43 2999881
112 2999960
71 2999911
55 2999993
32 2999794
94 2999815
112 2999893
17 2999941
67 2999930
286 2999962
5 2999968
142 2999885
37 2999821
514 2999857
136 2999699
55 2999854
208 2999986
32 2999944
40 2999954
71 2999881
74 2999935
82 2999764
142 2999998
305 2999965
268 2999908
70 2999975
88 2999999
58 2999935
37 2999930
2 2999974
10 2999884
244 2999749
271 2999987
110 2999968
115 2999768
58 2999750
335 2999944
2 2999977
172 2999666
40 2999953
118 2999950
8 2999839
100 2999948
58 2999872
2 2999998
17 2999989
133 2999978
2 2999837
262 2999935
95 2999914
211 2999993
259 2999843
65 2999962
335 2999944
32 2999977
148 2999974
272 2999941
71 2999794
187 2999986
142 2999930
145 2999971
220 2999977
97 2999962
134 2999981
320 2999938
431 2999911
34 2999974
680 2999933
248 2999764
37 2999875
182 2999992
68 2999945
4 2999786
67 2999837
184 2999836
202 2999963
25 2999725
67 2999791
284 2999749
43 2999939
256 2999902
296 2999956
83 2999965
32 2999941
92 2999806
52 2999926
55 2999903
37 2999900
160 2999864
167 2999671
154 2999959
22 2999929
401 2999743
454 2999470
76 2999591
34 2999662
16 2999960
73 2999836
5 2999962
148 2999917
349 2999920
121 2999986
710 2999999
167 2999932
17 2999987
13 2999869
200 2999797
31 2999932
208 2999950
58 2999971
1 2999941
85 2999971
158 2999989
88 2999900
64 2999996
253 2999995
46 2999986
20 2999975
106 2999680
46 2999869
34 2999921
178 2999971
52 2999992
8 2999986
8 2999869
52 2999864
91 2999594
58 2999920
145 2999923
52 2999827
49 2999992
289 2999807
64 2999938
131 2999900
10 2999852
163 2999974
193 2999980
64 2999866
199 2999935
26 2999986
17 2999818
445 2999719
70 2999861
13 2999839
172 2999981
101 2999956
29 2999974
40 2999750
41 2999860
328 2999902
5 2999821
230 2999776
7 2999983
233 2999674
151 2999917
82 2999698
5 2999842
295 2999786
46 2999752
43 2999995
22 2999947
25 2999689
266 2999941
31 2999965
124 2999789
181 2999936
133 2999927
13 2999891
109 2999905
77 2999965
94 2999869
1 2999950
31 2999801
10 2999992
17 2999980
10 2999969
133 2999950
217 2999923
215 2999983
67 2999980
10 2999911
4 2999674
346 2999776
20 2999779
67 2999851
10 2999983
302 2999744
40 2999987
49 2999999
32 2999773
196 2999915
220 2999776
47 2999894
106 2999951
191 2999525
25 2999884
463 2999947
73 2999801
94 2999849
4 2999986
220 2999951
20 2999902
28 2999770
10 2999435
113 2999929
103 2999791
41 2999812
20 2999807
61 2999959
170 2999989
43 2999935
31 2999932
49 2999998
185 2999810
172 2999996
79 2999816
95 2999612
44 2999864
145 2999947
110 2999930
4 2999902
55 2999779
251 2999614
166 2999786
40 2999977
70 2999920
5 2999971
298 2999980
2 2999863
109 2999959
191 2999956
44 2999494
88 2999944
80 2999951
28 2999806
22 2999776
79 2999734
83 2999804
223 2999863
22 2999788
5 2999968
58 2999866
74 2999957
71 2999947
409 2999998
356 2999945
250 2999743
77 2999893
85 2999962
161 2999948
127 2999812
28 2999992
265 2999959
29 2999825
76 2999713
97 2999788
31 2999971
25 2999986
115 2999992
22 2999878
49 2999785
238 2999957
64 2999963
58 2999807
19 2999987
178 2999995
41 2999890
70 2999998
167 2999786
118 2999462
31 2999962
103 2999962
566 2999906
110 2999974
61 2999839
50 2999827
17 2999837
20 2999705
40 2999858
119 2999998
137 2999863
1 2999965
122 2999954
13 2999963
82 2999977
80 2999972
302 2999987
64 2999983
49 2999969
49 2999914
5 2999941
65 2999803
139 2999950
145 2999971
25 2999980
110 2999903
257 2999953
43 2999975
34 2999899
94 2999812
61 2999942
409 2999995
223 2999743
49 2999863
125 2999833
157 2999926
418 2999905
73 2999188
83 2999791
61 2999990
691 2999978
287 2999986
107 2999725
4 2999839
451 2999932
79 2999791
34 2999918
13 2999995
16 2999905
91 2999951
61 2999770
151 2999894
211 2999851
202 2999962
1 2999933
241 2999894
64 2999926
199 2999687
17 2999926
1 2999980
11 2999930
137 2999698
118 2999956
163 2999932
256 2999971
142 2999989
242 2999929
67 2999999
211 2999891
149 2999951
43 2999863
142 2999992
64 2999989
13 2999999
130 2999950
25 2999857
133 2999915
43 2999971
73 2999785
73 2999999
13 2999998
17 2999959
101 2999929
316 2999860
218 2999851
44 2999728
10 2999999
95 2999584
16 2999983
130 2999995
34 2999947
13 2999890
83 2999935
13 2999902
13 2999909
28 2999941
22 2999617
118 2999782
38 2999950
94 2999983
37 2999984
128 2999998
43 2999905
65 2999824
23 2999564
373 2999984
97 2999947
4 2999971
149 2999701
283 2999896
103 2999939
43 2999789
179 2999912
85 2999788
17 2999795
724 2999959
172 2999998
77 2999996
74 2999968
25 2999878
229 2999956
136 2999929
298 2999851
49 2999554
89 2999723
98 2999935
22 2999947
16 2999675
49 2999926
19 2999878
460 2999965
220 2999891
124 2999506
7 2999996
4 2999842
94 2999927
16 2999515
412 2999996
100 2999896
85 2999953
208 2999882
4 2999860
268 2999920
7 2999885
26 2999993
142 2999812
383 2999965
94 2999987
229 2999941
11 2999314
142 2999879
73 2999968
74 2999893
82 2999861
157 2999788
107 2999959
73 2999977
319 2999987
154 2999911
16 2999614
34 2999999
25 2999891
82 2999824
28 2999755
31 2999774
7 2999953
176 2999992
172 2999956
31 2999989
196 2999773
1 2999962
31 2999764
83 2999813
41 2999851
317 2999458
142 2999738
94 2999779
256 2999798
32 2999965
335 2999723
73 2999914
47 2999942
163 2999738
82 2999944
214 2999900
44 2999836
140 2999923
185 2999932
508 2999980
217 2999849
14 2999972
166 2999935
31 2999593
11 2999867
22 2999795
286 2999915
124 2999954
92 2999971
2 2999875
313 2999737
103 2999953
88 2999963
103 2999887
286 2999975
203 2999968
323 2999996
73 2999956
38 2999942
334 2999980
128 2999921
265 2999689
118 2999833
106 2999941
145 2999986
47 2999963
472 2999579
130 2999641
47 2999851
334 2999828
127 2999917
86 2999431
28 2999983
184 2999734
82 2999959
28 2999944
272 2999938
85 2999983
47 2999977
151 2999932
100 2999981
34 2999545
217 2999924
137 2999953
580 2999884
136 2999852
14 2999987
85 2999998
106 2999920
13 2999920
13 2999620
46 2999905
64 2999710
112 2999947
19 2999701
79 2999918
67 2999956
47 2999746
116 2999974
28 2999966
28 2999909
19 2999866
74 2999722
238 2999906
70 2999902
16 2999971
142 2999945
142 2999845
10 2999965
13 2999845
28 2999974
70 2999951
10 2999863
209 2999995
224 2999899
61 2999791
262 2999969
61 2999788
172 2999896
35 2999761
35 2999872
140 2999908
35 2999974
49 2999803
191 2999894
13 2999971
25 2999375
121 2999999
65 2999945
58 2999800
64 2999927
70 2999921
109 2999954
13 2999974
41 2999980
145 2999773
13 2999896
254 2999896
224 2999872
119 2999879
29 2999770
286 2999992
142 2999879
118 2999983
217 2999975
115 2999656
137 2999996
317 2999647
211 2999977
346 2999869
37 2999851
22 2999911
35 2999975
28 2999848
19 2999930
115 2999986
125 2999923
16 2999936
5 2999996
115 2999761
118 2999735
551 2999983
1 2999899
88 2999959
109 2999932
85 2999870
202 2999975
616 2999891
346 2999818
32 2999899
251 2999852
248 2999993
2 2999993
245 2999930
199 2999890
70 2999782
37 2999959
13 2999866
52 2999998
25 2999932
11 2999887
49 2999915
94 2999980
31 2999989
40 2999752
5 2999656
187 2999983
112 2999864
73 2999806
97 2999804
7 2999545
40 2999962
8 2999797
29 2999972
269 2999924
290 2999761
46 2999939
76 2999728
73 2999857
608 2999819
49 2999930
23 2999977
214 2999827
472 2999794
148 2999395
56 2999980
32 2999999
79 2999917
76 2999990
247 2999990
127 2999749
182 2999722
74 2999405
8 2999975
5 2999992
193 2999890
101 2999938
250 2999747
290 2999716
85 2999969
31 2999846
49 2999951
188 2999950
130 2999968
5 2999924
23 2999968
181 2999917
40 2999974
74 2999999
86 2999542
196 2999938
145 2999527
22 2999900
22 2999968
25 2999978
214 2999923
43 2999989
229 2999728
62 2999888
26 2999857
40 2999920
58 2999473
581 2999888
40 2999980
352 2999998
13 2999803
190 2999626
13 2999731
89 2999969
88 2999884
5 2999641
166 2999998
92 2999429
202 2999966
80 2999890
197 2999998
19 2999836
121 2999965
218 2999701
56 2999995
98 2999929
277 2999879
148 2999771
73 2999902
259 2999677
19 2999876
148 2999909
157 2999926
85 2999897
169 2999792
139 2999912
217 2999675
64 2999882
238 2999824
602 2999953
1 2999965
182 2999893
341 2999927
4 2999630
124 2999939
55 2999989
46 2999950
145 2999728
55 2999873
313 2999939
49 2999939
248 2999887
76 2999905
10 2999960
112 2999965
31 2999912
106 2999944
82 2999926
59 2999869
29 2999798
143 2999792
16 2999669
1 2999935
298 2999894
80 2999942
31 2999854
55 2999900
118 2999924
43 2999801
91 2999989
173 2999950
83 2999830
265 2999945
304 2999879
208 2999749
41 2999998
10 2999804
1 2999942
136 2999980
82 2999996
20 2999920
59 2999797
175 2999974
34 2999939
233 2999897
242 2999809
157 2999888
11 2999974
25 2999989
365 2999740
238 2999905
166 2999965
121 2999942
43 2999983
43 2999573
17 2999959
127 2999992
40 2999980
91 2999086
19 2999999
142 2999890
136 2999854
65 2999744
166 2999950
7 2999515
32 2999797
53 2999729
46 2999821
16 2999902
85 2999978
34 2999869
77 2999530
115 2999956
89 2999890
17 2999963
166 2999986
193 2999965
40 2999888
232 2999770
512 2999731
31 2999953
205 2999978
283 2999983
91 2999465
17 2999983
107 2999875
34 2999929
229 2999992
232 2999998
184 2999953
112 2999921
76 2999410
25 2999935
67 2999999
56 2999992
97 2999680
46 2999938
157 2999680
259 2999915
64 2999905
52 2999840
17 2999890
13 2999887
422 2999939
8 2999983
160 2999863
217 2999944
157 2999933
116 2999939
2 2999977
0 600038145
226 2999905
76 2999998
427 2999837
16 2999627
91 2999968
10 2999879
97 2999938
64 2999972
148 2999920
29 2999813
19 2999960
41 2999999
40 2999881
52 2999996
88 2999846
103 2999914
76 2999824
1 2999960
49 2999983
46 2999881
592 2999960
16 2999911
235 2999998
56 2999806
640 2999767
193 2999987
7 2999891
40 2999809
19 2999923
14 2999888
14 2999957
34 2999803
43 2999839
85 2999689
107 2999567
268 2999989
280 2999992
211 2999938
16 2999956
13 2999173
98 2999978
190 2999944
55 2999932
59 2999791
214 2999929
83 2999782
200 2999878
16 2999935
182 2999807
299 2999911
22 2999831
46 2999879
34 2999887
160 2999899
220 2999881
253 2999612
100 2999924
139 2999848
29 2999981
10 2999803
302 2999942
19 2999800
274 2999998
76 2999794
245 2999977
52 2999848
67 2999558
8 2999686
175 2999546
29 2999917
101 2999981
295 2999911
166 2999941
68 2999636
116 2999998
41 2999794
136 2999902
14 2999794
71 2999866
64 2999923
433 2999908
43 2999969
2 2999972
46 2999801
152 2999993
121 2999753
140 2999959
31 2999831
80 2999810
94 2999924
43 2999941
191 2999810
88 2999825
67 2999389
221 2999962
151 2999813
16 2999950
29 2999869
68 2999996
650 2999966
361 2999888
62 2999605
11 2999737
97 2999945
58 2999926
4 2999917
206 2999996
28 2999825
250 2999893
20 2999807
17 2999980
58 2999984
64 2999899
89 2999915
73 2999911
73 2999887
59 2999929
74 2999962
164 2999980
343 2999677
8 2999972
41 2999819
137 2999953
91 2999993
307 2999929
70 2999971
139 2999894
142 2999998
28 2999834
13 2999989
244 2999936
40 2999980
262 2999875
86 2999704
106 2999875
160 2999980
128 2999984
389 2999863
23 2999980
55 2999803
29 2999891
256 2999941
188 2999978
166 2999897
304 2999542
202 2999767
400 2999692
62 2999899
232 2999690
130 2999989
421 2999593
193 2999996
4 2999866
121 2999744
358 2999333
17 2999920
265 2999992
19 2999977
95 2999962
19 2999819
262 2999983
166 2999966
38 2999980
89 2999848
235 2999852
16 2999869
130 2999977
40 2999963
100 2999710
133 2999924
34 2999806
118 2999854
38 2999825
16 2999857
56 2999749
2 2999900
70 2999786
400 2999878
1 2999965
256 2999989
320 2999963
169 2999888
59 2999671
925 2999933
107 2999968
109 2999983
70 2999974
130 2999794
155 2999896
17 2999971
139 2999932
532 2999887
61 2999770
31 2999824
473 2999912
221 2999867
149 2999815
50 2999992
88 2999887
61 2999986
38 2999971
32 2999983
89 2999998
172 2999836
182 2999710
238 2999927
139 2999884
196 2999917
88 2999887
106 2999720
101 2999884
31 2999594
565 2999875
127 2999932
509 2999911
82 2999995
253 2999873
205 2999989
40 2999977
4 2999965
13 2999761
83 2999995
17 2999959
31 2999848
136 2999672
32 2999981
40 2999944
2 2999812
29 2999926
68 2999986
127 2999896
4 2999704
59 2999929
184 2999842
19 2999674
76 2999948
25 2999905
131 2999971
16 2999825
106 2999869
190 2999533
118 2999845
122 2999812
76 2999984
316 2999935
55 2999875
38 2999717
427 2999845
85 2999836
94 2999935
34 2999899
44 2999956
46 2999999
43 2999968
79 2999686
170 2999932
82 2999992
154 2999980
14 2999852
100 2999965
4 2999776
88 2999944
13 2999869
112 2999723
82 2999612
118 2999938
46 2999986
160 2999890
77 2999945
10 2999939
235 2999818
232 2999783
283 2999782
74 2999566
13 2999875
88 2999942
214 2999866
17 2999882
454 2999923
86 2999957
2 2999975
1 2999980
20 2999968
26 2999854
2 2999899
37 2999882
70 2999776
25 2999956
139 2999902
499 2999968
116 2999938
43 2999968
46 2999666
139 2999956
7 2999993
116 2999966
80 2999995
158 2999923
50 2999980
178 2999449
448 2999665
118 2999983
85 2999932
176 2999971
403 2999993
7 2999594
142 2999948
62 2999710
65 2999962
172 2999782
308 2999965
25 2999798
23 2999992
38 2999761
176 2999858
37 2999872
118 2999956
131 2999608
100 2999924
43 2999914
134 2999959
29 2999909
7 2999989
19 2999977
163 2999869
358 2999836
355 2999872
31 2999987
49 2999956
67 2999644
13 2999918
40 2999957
106 2999987
25 2999824
368 2999672
212 2999908
85 2999989
115 2999450
289 2999881
103 2999944
262 2999995
109 2999866
109 2999990
41 2999794
58 2999981
28 2999929
41 2999932
182 2999674
265 2999803
8 2999771
7 2999785
19 2999737
29 2999941
298 2999638
10 2999954
14 2999891
271 2999972
439 2999635
52 2999773
20 2999941
52 2999590
166 2999770
14 2999837
347 2999884
88 2999966
47 2999518
85 2999927
280 2999962
7 2999902
1 2999986
77 2999866
68 2999959
298 2999695
28 2999794
85 2999974
16 2999959
7 2999992
43 2999981
536 2999825
277 2999944
181 2999987
28 2999971
38 2999923
103 2999755
154 2999974
10 2999905
37 2999959
163 2999894
44 2999548
14 2999951
82 2999635
161 2999953
211 2999647
40 2999983
86 2999897
32 2999648
155 2999983
5 2999833
122 2999977
286 2999789
14 2999969
215 2999537
44 2999567
4 2999890
28 2999968
29 2999807
184 2999809
652 2999944
55 2999806
64 2999578
287 2999663
350 2999968
7 2999815
8 2999677
476 2999989
160 2999947
32 2999989
61 2999929
232 2999999
212 2999999
127 2999918
41 2999857
97 2999819
10 2999999
250 2999917
53 2999935
110 2999626
205 2999837
80 2999785
203 2999992
103 2999995
214 2999836
197 2999932
8 2999698
301 2999807
37 2999683
16 2999999
11 2999965
25 2999911
167 2999941
112 2999923
95 2999909
4 2999992
25 2999924
262 2999659
121 2999902
140 2999851
11 2999752
19 2999872
32 2999858
10 2999933
91 2999878
382 2999995
304 2999941
31 2999809
16 2999731
307 2999926
1 2999897
125 2999909
47 2999530
124 2999807
115 2999875
16 2999917
82 2999909
181 2999902
64 2999986
61 2999999
122 2999966
70 2999947
148 2999930
4 2999989
187 2999890
64 2999999
10 2999893
55 2999959
38 2999806
61 2999926
289 2999620
13 2999608
164 2999935
25 2999848
176 2999821
13 2999917
41 2999678
52 2999914
115 2999968
50 2999911
406 2999956
124 2999833
37 2999941
346 2999998
151 2999800
1 2999986
43 2999770
175 2999935
332 2999794
50 2999692
67 2999939
283 2999851
43 2999632
370 2999936
164 2999950
49 2999866
59 2999962
89 2999935
25 2999984
331 2999777
26 2999963
205 2999917
40 2999761
157 2999920
95 2999905
83 2999908
92 2999977
52 2999962
7 2999791
349 2999971
67 2999954
23 2999782
76 2999857
80 2999893
109 2999962
34 2999686
53 2999560
58 2999986
52 2999890
29 2999966
109 2999944
233 2999762
67 2999692
38 2999992
260 2999966
61 2999770
31 2999729
14 2999737
106 2999990
169 2999819
208 2999974
343 2999885
4 2999917
61 2999969
110 2999929
136 2999995
95 2999912
34 2999953
37 2999993
232 2999698
46 2999924
32 2999891
103 2999881
52 2999911
25 2999903
58 2999971
127 2999818
28 2999723
49 2999980
74 2999875
88 2999924
55 2999999
146 2999953
116 2999935
335 2999896
137 2999887
20 2999810
49 2999962
238 2999980
19 2999951
113 2999705
193 2999971
74 2999890
16 2999845
227 2999962
125 2999777
88 2999969
280 2999926
115 2999900
59 2999722
127 2999812
254 2999863
34 2999965
52 2999972
55 2999941
184 2999791
332 2999951
235 2999698
25 2999939
16 2999822
221 2999978
232 2999692
188 2999842
46 2999968
8 2999794
493 2999992
20 2999986
47 2999959
178 2999938
103 2999948
98 2999755
289 2999977
131 2999971
299 2999836
124 2999899
139 2999941
4 2999992
4 2999959
8 2999938
68 2999758
35 2999998
107 2999674
41 2999921
22 2999785
7 2999867
118 2999824
121 2999957
7 2999998
257 2999812
106 2999926
13 2999992
223 2999846
125 2999990
110 2999873
76 2999945
98 2999984
37 2999869
7 2999758
127 2999938
91 2999899
583 2999980
137 2999965
20 2999947
13 2999893
247 2999992
148 2999884
55 2999932
215 2999711
77 2999713
334 2999962
68 2999987
151 2999881
151 2999975
91 2999965
284 2999845
110 2999957
59 2999999
157 2999842
388 2999959
67 2999962
19 2999758
11 2999561
271 2999929
199 2999881
2 2999839
73 2999917
68 2999932
19 2999783
32 2999999
7 2999813
131 2999932
158 2999488
103 2999915
19 2999788
5 2999686
14 2999977
133 2999732
56 2999929
151 2999804
205 2999773
16 2999956
49 2999902
128 2999720
238 2999962
71 2999933
274 2999932
73 2999999
77 2999963
127 2999974
13 2999875
113 2999891
17 2999932
244 2999995
175 2999869
55 2999956
101 2999908
130 2999893
302 2999894
29 2999969
71 2999687
212 2999941
64 2999920
13 2999947
7 2999920
64 2999977
137 2999458
91 2999887
346 2999923
25 2999918
7 2999533
64 2999984
86 2999998
34 2999896
104 2999950
386 2999930
163 2999884
64 2999945
13 2999659
5 2999996
148 2999956
214 2999995
175 2999317
182 2999938
632 2999947
355 2999956
55 2999977
106 2999978
397 2999998
118 2999941
73 2999836
127 2999920
61 2999851
17 2999899
50 2999999
26 2999965
64 2999851
34 2999830
391 2999932
130 2999980
37 2999950
88 2999785
26 2999950
95 2999995
28 2999999
43 2999842
22 2999761
58 2999710
71 2999933
289 2999869
32 2999971
97 2999819
341 2999647
95 2999842
169 2999983
26 2999918
43 2999935
13 2999546
103 2999930
110 2999701
211 2999950
311 2999929
59 2999908
40 2999872
23 2999917
28 2999986
53 2999945
76 2999968
13 2999941
35 2999908
46 2999992
101 2999899
103 2999443
8 2999764
143 2999941
425 2999969
46 2999924
34 2999902
25 2999999
142 2999959
164 2999935
229 2999941
49 2999990
22 2999068
317 2999962
205 2999959
56 2999914
32 2999914
38 2999929
8 2999960
128 2999972
49 2999981
241 2999860
118 2999911
134 2999905
307 2999746
244 2999996
2 2999986
25 2999810
170 2999783
28 2999857
46 2999881
17 2999996
40 2999855
20 2999944
124 2999948
266 2999980
196 2999971
224 2999846
58 2999971
331 2999857
20 2999933
35 2999729
187 2999927
283 2999896
316 2999924
94 2999692
631 2999863
43 2999504
4 2999944
26 2999815
32 2999891
16 2999596
136 2999893
284 2999878
103 2999062
76 2999957
23 2999833
16 2999899
62 2999924
137 2999956
109 2999780
158 2999930
53 2999894
281 2999986
103 2999971
89 2999998
151 2999900
31 2999941
94 2999998
206 2999872
148 2999959
559 2999650
52 2999686
130 2999591
140 2999987
134 2999869
230 2999935
58 2999990
38 2999753
154 2999986
110 2999870
398 2999848
226 2999917
80 2999941
172 2999914
79 2999917
130 2999903
10 2999375
22 2999935
103 2999785
79 2999830
71 2999962
22 2999884
2 2999836
71 2999975
40 2999965
91 2999842
103 2999590
1 2999987
95 2999491
2 2999947
79 2999999
136 2999971
140 2999696
175 2999977
365 2999942
388 2999890
19 2999921
139 2999767
82 2999992
223 2999965
31 2999842
19 2999980
34 2999978
260 2999830
41 2999842
106 2999768
121 2999911
142 2999839
94 2999981
140 2999974
37 2999920
277 2999944
218 2999746
185 2999806
13 2999749
31 2999944
73 2999483
58 2999954
134 2999875
145 2999902
67 2999827
35 2999974
14 2999951
31 2999966
47 2999830
349 2999794
52 2999974
34 2999927
97 2999966
436 2999869
14 2999923
437 2999824
200 2999962
35 2999960
133 2999978
95 2999951
97 2999885
5 2999933
55 2999935
47 2999966
26 2999977
82 2999974
416 2999918
35 2999945
157 2999930
148 2999776
55 2999995
14 2999998
13 2999845
583 2999758
74 2999947
50 2999999
92 2999902
107 2999996
49 2999788
13 2999908
142 2999983
70 2999968
52 2999986
23 2999899
421 2999885
119 2999882
13 2999765
49 2999881
55 2999893
259 2999954
70 2999911
155 2999977
89 2999981
58 2999641
8 2999995
574 2999626
10 2999641
17 2999890
314 2999902
28 2999959
64 2999968
143 2999929
19 2999930
17 2999989
98 2999995
329 2999809
101 2999749
91 2999911
115 2999929
23 2999890
151 2999941
256 2999881
148 2999848
187 2999486
13 2999852
86 2999402
184 2999978
97 2999929
13 2999986
187 2999957
155 2999774
112 2999851
146 2999932
25 2999992
166 2999791
13 2999665
214 2999962
97 2999950
25 2999972
5 2999956
139 2999746
418 2999984
175 2999954
37 2999791
8 2999972
25 2999608
17 2999885
22 2999980
35 2999870
26 2999981
70 2999888
88 2999980
313 2999905
17 2999809
553 2999900
31 2999587
235 2999969
47 2999702
419 2999956
199 2999816
133 2999854
221 2999866
202 2999957
91 2999776
73 2999965
146 2999827
61 2999368
122 2999812
298 2999873
94 2999935
269 2999947
121 2999599
35 2999998
136 2999645
208 2999945
124 2999710
49 2999806
67 2999719
197 2999965
40 2999915
119 2999986
59 2999815
4 2999833
49 2999782
322 2999999
181 2999596
44 2999966
298 2999974
82 2999978
40 2999938
142 2999836
34 2999617
25 2999953
325 2999740
386 2999974
124 2999860
83 2999777
190 2999998
32 2999978
64 2999821
49 2999908
163 2999902
118 2999905
67 2999716
70 2999980
22 2999863
91 2999761
352 2999617
98 2999794
248 2999980
5 2999770
493 2999900
10 2999992
0 600038145
10 2999861
163 2999887
31 2999875
140 2999948
64 2999813
169 2999939
16 2999869
316 2999965
256 2999885
79 2999945
19 2999999
89 2999930
133 2999668
26 2999725
95 2999887
44 2999879
82 2999947
37 2999935
112 2999869
121 2999957
10 2999773
103 2999830
46 2999965
64 2999767
16 2999915
67 2999899
4 2999857
122 2999977
1 2999917
169 2999905
52 2999836
473 2999659
86 2999737
208 2999848
62 2999912
65 2999963
77 2999983
22 2999951
13 2999905
331 2999947
121 2999950
17 2999987
101 2999830
103 2999938
130 2999323
70 2999821
125 2999998
229 2999993
20 2999524
7 2999776
76 2999959
20 2999977
214 2999974
32 2999860
377 2999845
40 2999818
449 2999842
55 2999944
59 2999792
236 2999999
43 2999897
31 2999878
4 2999867
92 2999944
31 2999999
79 2999966
53 2999822
166 2999860
20 2999641
283 2999920
79 2999885
292 2999959
433 2999947
305 2999812
340 2999926
16 2999984
55 2999951
14 2999786
103 2999989
118 2999887
325 2999435
55 2999861
85 2999720
166 2999917
400 2999881
16 2999803
62 2999965
83 2999782
55 2999965
169 2999996
179 2999915
505 2999887
292 2999974
1 2999983
13 2999851
19 2999926
40 2999653
7 2999828
418 2999893
61 2999921
79 2999638
80 2999830
115 2999935
53 2999875
23 2999950
22 2999981
29 2999614
55 2999690
232 2999794
110 2999953
11 2999911
40 2999950
19 2999956
161 2999884
55 2999888
31 2999773
40 2999636
55 2999957
104 2999968
22 2999842
427 2999968
8 2999957
26 2999659
47 2999809
55 2999956
121 2999984
91 2999909
35 2999917
53 2999953
38 2999266
37 2999968
70 2999926
125 2999987
23 2999908
50 2999977
20 2999914
43 2999821
245 2999980
103 2999848
4 2999977
340 2999872
34 2999965
71 2999839
137 2999867
80 2999996
259 2999849
28 2999974
61 2999872
103 2999920
352 2999896
142 2999863
67 2999923
221 2999908
34 2999996
208 2999749
34 2999827
440 2999953
49 2999953
2 2999842
10 2999908
4 2999978
247 2999971
416 2999975
25 2999774
52 2999923
58 2999674
80 2999986
103 2999776
23 2999983
76 2999917
77 2999548
32 2999966
64 2999977
131 2999833
68 2999638
217 2999992
31 2999995
349 2999932
53 2999998
211 2999731
94 2999953
64 2999993
67 2999599
70 2999978
232 2999992
286 2999914
115 2999957
238 2999965
61 2999890
5 2999599
5 2999860
103 2999993
37 2999986
173 2999705
41 2999854
37 2999866
47 2999969
97 2999933
251 2999989
367 2998996
163 2999804
53 2999884
8 2999999
532 2999965
65 2999989
85 2999962
1 2999971
53 2999965
17 2999962
89 2999753
116 2999722
328 2999923
175 2999872
19 2999776
76 2999873
274 2999866
122 2999612
49 2999987
56 2999920
280 2999939
85 2999989
679 2999950
2 2999977
599 2999930
346 2999870
185 2999668
71 2999963
61 2999960
95 2999968
124 2999983
166 2999927
137 2999846
256 2999945
49 2999986
130 2999923
13 2999845
28 2999911
7 2999900
260 2999750
112 2999944
79 2999756
52 2999782
479 2999968
193 2999989
170 2999800
10 2999966
20 2999995
134 2999953
241 2999927
4 2999971
44 2999656
280 2999882
5 2999944
287 2999711
49 2999983
64 2999818
236 2999944
37 2999983
20 2999975
43 2999896
308 2999740
7 2999983
61 2999972
359 2999839
49 2999936
56 2999884
191 2999831
23 2999666
10 2999881
121 2999975
49 2999914
52 2999620
104 2999831
376 2999923
112 2999896
28 2999999
13 2999986
164 2999812
76 2999257
175 2999821
82 2999828
274 2999995
4 2999833
10 2999773
121 2999989
512 2999965
32 2999959
142 2999471
31 2999705
4 2999984
65 2999878
5 2999899
148 2999728
58 2999867
367 2999893
107 2999836
152 2999548
7 2999852
377 2999989
65 2999995
47 2999999
82 2999962
61 2999947
8 2999962
61 2999762
160 2999762
169 2999938
89 2999939
25 2999911
49 2999962
347 2999987
79 2999902
97 2999632
112 2999885
17 2999770
61 2999902
112 2999962
58 2999641
8 2999957
16 2999863
191 2999750
211 2999984
230 2999792
76 2999854
94 2999923
121 2999725
37 2999923
188 2999843
14 2999944
271 2999813
218 2999818
10 2999842
194 2999893
500 2999884
185 2999984
229 2999837
73 2999966
43 2999959
37 2999453
5 2999813
23 2999875
454 2999905
49 2999780
37 2999659
175 2999998
250 2999746
248 2999978
217 2999918
7 2999537
95 2999785
95 2999977
140 2999999
154 2999950
202 2999984
169 2999956
406 2999686
100 2999527
103 2999849
64 2999867
428 2999929
31 2999957
178 2999767
83 2999954
34 2999830
148 2999863
181 2999615
88 2999840
104 2999936
109 2999950
137 2999855
58 2999962
28 2999999
11 2999734
67 2999846
44 2999897
94 2999950
193 2999926
121 2999935
61 2999962
205 2999776
58 2999819
263 2999734
85 2999558
154 2999995
280 2999882
148 2999761
83 2999935
2 2999992
103 2999842
23 2999947
71 2999980
128 2999962
46 2999980
43 2999911
289 2999647
232 2999999
310 2999902
190 2999989
130 2999972
10 2999935
32 2999863
145 2999999
4 2999957
10 2999911
70 2999941
379 2999965
113 2999956
31 2999989
49 2999320
55 2999857
37 2999428
56 2999993
19 2999978
121 2999950
190 2999861
7 2999888
26 2999954
40 2999917
520 2999968
196 2999812
67 2999824
10 2999959
64 2999911
82 2999996
277 2999827
220 2999866
76 2999953
4 2999822
107 2999893
35 2999998
340 2999929
110 2999417
235 2999983
226 2999984
37 2999890
49 2999911
140 2999750
220 2999968
107 2999905
64 2999950
205 2999989
208 2999935
89 2999986
170 2999989
49 2999948
20 2999993
44 2999558
52 2999983
19 2999953
391 2999935
124 2999293
253 2999972
184 2999773
133 2999941
91 2999746
20 2999827
40 2999875
67 2999971
262 2999938
259 2999831
86 2999968
122 2999971
58 2999947
70 2999974
80 2999836
61 2999935
25 2999548
67 2999959
148 2999960
23 2999741
73 2999944
14 2999905
1 2999933
130 2999923
142 2999782
286 2999837
7 2999617
10 2999402
38 2999980
94 2999860
31 2999944
137 2999752
154 2999945
41 2999956
20 2999972
34 2999977
110 2999935
128 2999962
283 2999993
212 2999959
79 2999906
104 2999977
83 2999977
163 2999969
215 2999930
64 2999959
40 2999905
13 2999875
298 2999990
22 2999743
79 2999897
223 2999764
385 2999866
163 2999983
28 2999941
172 2999959
119 2999791
248 2999981
7 2999935
19 2999978
517 2999785
25 2999905
97 2999869
5 2999911
4 2999938
58 2999903
148 2999890
16 2999779
278 2999902
10 2999948
101 2999965
94 2999833
4 2999996
211 2999983
247 2999968
88 2999995
17 2999981
736 2999726
103 2999863
238 2999728
226 2999963
40 2999989
29 2999980
61 2999962
55 2999932
80 2999947
2 2999974
226 2999779
4 2999819
19 2999788
364 2999941
277 2999929
239 2999920
275 2999989
73 2999977
379 2999998
43 2999875
413 2999944
56 2999936
185 2999975
115 2999948
8 2999929
28 2999906
52 2999914
109 2999746
173 2999738
77 2999917
4 2999945
121 2999915
145 2999978
8 2999683
77 2999663
10 2999941
4 2999977
145 2999959
10 2999809
19 2999932
232 2999876
31 2999957
112 2999977
286 2999923
503 2999825
37 2999936
109 2999894
209 2999941
214 2999842
37 2999989
127 2999999
58 2999731
52 2999896
64 2999933
173 2999965
142 2999830
55 2999818
160 2999938
136 2999818
149 2999989
416 2999992
70 2999647
52 2999998
56 2999960
109 2999974
16 2999842
161 2999975
427 2999827
62 2999869
161 2999759
4 2999885
286 2999851
151 2999980
31 2999677
346 2999998
43 2999725
172 2999767
23 2999944
61 2999914
50 2999870
83 2999848
298 2999896
185 2999770
226 2999863
112 2999750
175 2999896
8 2999887
1 2999935
89 2999896
76 2999911
22 2999876
100 2999935
253 2999978
115 2999809
130 2999993
247 2999938
58 2999753
85 2999924
55 2999992
241 2999813
22 2999965
85 2999698
97 2999845
43 2999978
196 2999983
71 2999999
125 2999866
20 2999998
22 2999932
128 2999755
91 2999966
22 2999999
25 2999792
133 2999911
2 2999917
247 2999965
7 2999938
7 2999458
73 2999824
160 2999872
245 2999905
166 2999884
226 2999924
28 2999858
55 2999908
41 2999983
8 2999839
5 2999911
28 2999944
85 2999980
104 2999833
31 2999911
31 2999935
76 2999974
133 2999996
77 2999936
40 2999861
55 2999848
19 2999972
31 2999902
16 2999999
146 2999584
107 2999945
148 2999624
157 2999845
137 2999875
88 2999977
38 2999968
215 2999947
185 2999995
92 2999923
124 2999968
44 2999894
163 2999602
70 2999948
35 2999911
16 2999984
77 2999977
37 2999914
26 2999891
7 2999791
59 2999981
61 2999878
496 2999905
119 2999998
16 2999735
127 2999824
73 2999978
97 2999842
130 2999974
85 2999750
7 2999887
19 2999801
50 2999828
28 2999872
2 2999933
169 2999842
8 2999581
10 2999995
124 2999965
100 2999980
80 2999656
28 2999860
76 2999930
4 2999803
79 2999839
82 2999980
61 2999869
170 2999854
136 2999944
98 2999878
412 2999887
71 2999837
368 2999731
10 2999987
103 2999833
49 2999986
223 2999870
283 2999908
151 2999833
163 2999962
127 2999995
205 2999971
20 2999959
238 2999854
106 2999908
26 2999998
14 2999794
19 2999944
14 2999896
148 2999914
65 2999965
10 2999735
14 2999746
206 2999981
295 2999974
853 2999845
181 2999989
22 2999959
28 2999821
109 2999947
274 2999957
508 2999953
59 2999818
325 2999957
5 2999884
10 2999878
26 2999999
28 2999993
122 2999998
38 2999959
