90897 10439950
92401 10434800
91699 10439850
92600 10469900
90899 10444900
90998 10384800
90100 10459950
91499 10484750
90800 10424850
91096 10464850
90400 10444750
90996 10444950
90799 10494800
90199 10399800
91599 10429850
90999 10489950
90899 10444900
91600 10444850
92198 10454950
90697 10369850
90797 10424750
91198 10454900
91299 10434900
91496 10484800
91096 10469800
92098 10429900
91001 10439850
91597 10449750
90400 10449750
91797 10469850
91897 10434750
91597 10454950
90596 10384900
91200 10389950
91397 10454750
92598 10464900
91299 10419750
90696 10464900
90399 10439700
90998 10424750
91896 10464950
92100 10439900
91199 10484750
90196 10434900
90697 10339850
90900 10414800
91197 10449950
91899 10459850
91099 10474750
92098 10419700
91197 10374900
90798 10479900
90196 10454850
91100 10489950
90499 10494950
90599 10459800
90698 10429750
92000 10444950
91900 10464750
90896 10444750
90400 10389800
91701 10484850
91097 10434950
91699 10429800
91300 10434700
91198 10469900
90500 10429750
91498 10449900
90497 10394700
92397 10444750
91500 10384650
93399 10464950
90597 10449900
90698 10469950
90599 10424750
91397 10429800
91101 10474750
91498 10444800
90496 10439900
90996 10439950
90500 10389800
91297 10439700
90398 10424850
91499 10439900
91100 10399800
91497 10439800
91099 10474750
91096 10444950
92298 10474950
91599 10439750
90698 10439950
90896 10404800
91597 10434800
91400 10384800
90700 10454950
90199 10439950
90600 10464950
90897 10439800
91599 10409750
91396 10439950
93100 10444800
90900 10469900
90697 10494900
92401 10429850
90896 10439850
91197 10459950
91701 10449750
90898 10489800
90900 10439800
91398 10429800
90196 10434950
91299 10459750
91097 10404950
92097 10459800
91198 10484950
90700 10414950
91900 10434800
91099 10479900
91199 10429850
90699 10434950
90598 10494950
92000 10439900
91499 10484800
91196 10449850
91399 10439800
90500 10449900
91198 10444900
91698 10474850
90700 10459900
90396 10464950
90996 10474900
92097 10459850
90599 10404900
90596 10394850
90399 10459750
91100 10414850
92400 10484800
92200 10409800
91501 10429750
90496 10484750
90798 10464950
91197 10489950
91200 10454950
90897 10384900
90997 10454800
90996 10439750
90796 10444900
90396 10444750
92701 10394850
91697 10459900
90298 10464800
90997 10409900
91097 10409800
91701 10424800
91798 10394800
91199 10474750
90799 10454800
91699 10449900
90700 10439900
91000 10394750
91097 10374700
91299 10469750
90299 10484900
90099 10424800
91299 10474800
91997 10434750
90800 10444850
90600 10459900
91801 10454900
91499 10489850
90599 10429950
91897 10429850
90698 10379800
91801 10474900
91597 10479850
91398 10459850
91699 10474750
91797 10434800
90898 10414750
90896 10489900
91699 10464750
91300 10379900
92199 10399950
90597 10479900
91699 10389850
90397 10429800
90900 10404850
92197 10439900
91498 10449850
90900 10349750
90298 10434900
91396 10429900
91298 10434850
91699 10484750
91296 10449750
91499 10444800
90899 10339950
90996 10459800
90998 10389800
91999 10459750
90897 10454950
90400 10464750
90697 10489950
90797 10454750
90400 10419800
91000 10359850
91599 10444950
90296 10434750
91200 10359650
90496 10419800
91100 10374850
90900 10479750
90499 10449800
91596 10469800
90996 10434950
90898 10474800
92200 10474950
90197 10354700
90300 10439850
91798 10429900
91799 10479900
91401 10484750
91900 10469900
90597 10454950
92400 10399850
91198 10474800
90600 10454900
91298 10444950
91898 10459900
90899 10459900
91397 10489900
90998 10464900
90496 10474900
91798 10444950
91196 10484850
91799 10464950
90499 10444750
90800 10429750
91500 10364850
90797 10429850
91700 10464850
91697 10444900
92498 10474850
90900 10484800
92400 10439850
91500 10379800
92697 10469900
92398 10484900
92197 10354850
91098 10444800
91001 10424900
90798 10469900
92401 10459750
91100 10434950
91099 10439800
92200 10459850
90900 10444900
91399 10424700
90100 10394750
91096 10349800
91000 10394850
92500 10489900
91298 10469950
91498 10394800
91498 10449800
91300 10459950
90600 10449950
91097 10419700
90500 10424750
90997 10419850
92096 10474850
92399 10439850
92198 10454800
91196 10439750
91600 10459750
90899 10449950
91300 10479900
90997 10494800
91700 10434850
91296 10449900
91797 10469750
90700 10464800
91298 10479800
92097 10434900
90800 10409850
91300 10379750
90198 10464850
91199 10399750
91801 10479800
91300 10419900
90899 10384850
91899 10444800
90899 10414700
91897 10449950
91999 10374900
90999 10394850
90999 10464950
91798 10399950
92096 10434800
90698 10429950
91297 10474850
90799 10414850
91800 10474900
90596 10459750
91197 10464750
90697 10419900
90900 10364800
91596 10449900
91301 10454800
90098 10474750
91497 10434900
90599 10389750
92399 10454750
91196 10429850
91296 10474850
91998 10389700
91799 10419950
90896 10359800
91096 10459900
90397 10459900
91197 10469950
90999 10424900
91298 10464850
90696 10409750
90897 10474900
91600 10429850
91500 10414800
90896 10469850
91700 10449800
91200 10384800
90799 10429900
90300 10419850
91099 10439900
90597 10364750
90799 10449900
91297 10364650
91299 10474750
90698 10434900
90396 10379850
91999 10469800
91099 10434800
91097 10494850
90798 10449900
94299 10464900
90699 10404800
91397 10459850
91899 10404950
92998 10484900
91197 10449750
90997 10439950
90599 10439900
91300 10439800
90299 10424900
90899 10449850
91000 10419900
91198 10404950
90397 10474750
92598 10464800
90199 10449750
91997 10439850
91897 10444800
90496 10424950
92697 10464800
92097 10449950
91600 10439750
91397 10409950
90696 10449850
91799 10459900
91399 10489850
91996 10444950
90500 10424850
91297 10384850
92999 10449800
92000 10464850
90998 10404950
91998 10429850
90499 10334850
90700 10454800
90497 10444850
90100 10414900
90596 10434900
91799 10389950
90800 10394900
91197 10449850
90600 10414800
91096 10434700
90700 10409800
90199 10449750
90897 10484950
90696 10454800
90800 10459900
91799 10394850
90898 10409850
92198 10414800
91597 10479950
92300 10454900
90798 10424850
90700 10439950
91298 10449850
91598 10449800
90596 10404900
90997 10449800
90498 10339650
90699 10449850
91297 10404950
91196 10459900
91096 10464800
91201 10469750
90497 10459900
90599 10439800
92498 10389850
90300 10419700
91097 10409900
91300 10439800
90697 10399700
91899 10439750
91598 10474800
91196 10419800
91197 10459850
91100 10474850
90697 10404900
90698 10434850
91100 10429950
90899 10414800
91601 10374900
91997 10449950
91299 10434800
90300 10469850
92196 10424950
92200 10414850
91099 10479900
90698 10389800
90598 10464800
91599 10454750
91599 10459800
91801 10419750
92298 10479750
90699 10489950
91297 10404900
91099 10464950
91198 10454850
91097 10459750
91700 10354850
90900 10479800
91796 10429750
91599 10419800
90799 10454900
90799 10414850
90796 10404700
91199 10454850
92199 10459800
91197 10409950
91300 10429800
91899 10459850
90600 10469900
91596 10459800
92000 10399850
91198 10494800
90796 10419750
91200 10379800
90497 10424850
91799 10379950
90199 10449950
91598 10484750
92498 10484950
90700 10384750
90797 10439900
90599 10414750
92398 10444800
92799 10434900
91299 10429850
90897 10469750
90796 10429950
91199 10449850
91296 10434900
91299 10389850
90196 10474800
90198 10429900
91198 10429800
91500 10419950
92098 10419800
90500 10474800
90297 10404950
91500 10494900
91798 10434850
90298 10454800
90899 10424850
91098 10449950
90799 10459950
90600 10424800
91899 10474850
91998 10419750
90399 10429900
91701 10454900
91299 10434750
91398 10469800
91997 10469800
92299 10459900
91699 10424850
92199 10474800
91197 10419800
91900 10409850
91798 10414850
90899 10449800
91097 10454800
91196 10479950
91400 10394800
90899 10434800
90798 10439850
91100 10469900
91197 10414750
91098 10439850
92696 10439850
90899 10449800
91500 10419900
90996 10384850
90799 10449950
91199 10439750
91598 10489750
90898 10464750
90999 10484950
91998 10444800
91399 10414900
91000 10424750
91799 10379800
90500 10424900
93000 10479750
91500 10474900
90798 10434800
91697 10404850
92701 10464900
90398 10384700
90599 10449750
90898 10449850
92000 10484950
90398 10459950
90797 10384750
90597 10429900
90498 10474800
91099 10429950
91498 10479850
90497 10439950
91499 10464900
90996 10454950
90500 10424900
92498 10424750
90599 10479750
92200 10419950
91798 10459900
91897 10474950
91796 10449800
92501 10474950
91499 10419700
91396 10454800
91997 10459900
91999 10464750
90797 10484900
90999 10429750
90699 10419800
90998 10429900
90900 10394750
90899 10364800
91796 10444750
90896 10449750
91696 10454800
91700 10479900
91797 10429900
90597 10439750
90396 10484950
91300 10464900
90398 10439900
91098 10374950
91201 10389850
90598 10439800
90900 10429900
91701 10454950
90896 10439950
91299 10434900
91197 10429750
91298 10409800
92099 10409800
91800 10349750
91398 10419700
91197 10464900
90199 10429750
90796 10494950
91696 10459900
91099 10439800
91799 10384700
90197 10464850
91399 10484950
91300 10389900
90600 10424950
90597 10459850
92100 10389700
91196 10394800
90498 10439900
91401 10489800
90698 10429900
90600 10494850
91000 10429700
90498 10434950
91396 10454950
91600 10459900
91298 10389800
92296 10479750
90397 10419700
91897 10424850
91801 10389850
91101 10429900
91396 10479900
90396 10469800
91097 10459850
90499 10484900
91500 10484800
91096 10404750
90696 10444950
90898 10424700
90999 10434800
91096 10454800
90299 10384850
91300 10464800
90499 10434850
90198 10449950
91300 10484950
91499 10424900
91996 10449750
90996 10474750
91401 10369800
92301 10479800
90597 10374850
91396 10409800
90600 10419750
91299 10434950
92600 10444750
91499 10419850
91298 10444800
91297 10454850
90896 10459850
91000 10484750
90900 10389900
90200 10429900
90297 10419950
91800 10409850
91199 10444900
91097 10474750
90996 10434900
91696 10459950
91597 10449800
92297 10384750
91597 10424950
91401 10484800
90900 10444950
90597 10359750
92099 10444900
90900 10489850
92099 10439950
91799 10399800
91198 10429750
91196 10494850
90196 10384700
92496 10409800
91198 10464900
91399 10414900
92698 10469750
90700 10369750
91198 10454850
91299 10434700
90198 10489950
91398 10474800
90299 10484800
92296 10464800
91401 10419800
92398 10399700
91900 10414750
91998 10424950
91397 10459900
91799 10424750
90397 10424800
90798 10449800
90897 10449750
90898 10404900
90398 10469900
90698 10309850
90097 10444800
90900 10459850
91696 10439900
90897 10469900
91997 10389850
91001 10459950
93198 10454900
90700 10429800
90800 10469800
91299 10429950
91000 10399850
91000 10434850
90997 10449950
91798 10369950
91598 10329900
92398 10449850
91799 10389950
91199 10399850
91499 10404800
90800 10389750
90496 10399800
91200 10454900
91700 10429700
92498 10459950
90797 10464850
92100 10474900
91497 10464750
90696 10424750
92698 10449950
91897 10494800
91097 10474900
92198 10469950
90597 10419900
91296 10474900
91097 10469900
91698 10404900
90800 10364750
91098 10459850
90899 10419950
91000 10404800
90896 10469800
91197 10469850
90597 10459750
91900 10454750
90398 10484900
91100 10484950
91198 10474800
90199 10484800
91497 10484950
90199 10429850
91401 10444750
90199 10464850
90897 10479950
91298 10474750
90600 10394900
90500 10459750
91497 10429800
92397 10389750
90998 10374750
90998 10424700
91299 10459850
92596 10399950
92300 10414800
91497 10424750
91301 10454800
90699 10404750
90898 10409900
90596 10424900
91897 10384700
91197 10469800
92701 10419800
91100 10404900
92498 10429850
91796 10449800
90697 10404950
90196 10459900
90997 10364950
91096 10454750
91496 10369950
91599 10369700
91599 10374800
92698 10429900
90900 10469850
90498 10489850
91196 10419900
90599 10459850
91997 10449750
91199 10429800
93199 10419750
91400 10474950
92297 10404750
91598 10444800
91798 10394850
91797 10494800
91699 10439750
90400 10454950
92596 10424800
90696 10404950
90498 10439900
92098 10444950
90799 10459950
91300 10454950
91300 10479800
90798 10429950
91298 10444900
90500 10424700
91000 10469900
92699 10439950
91297 10469750
90798 10409750
91096 10389800
91698 10434800
91597 10449900
91200 10459750
90197 10444900
91596 10444950
90400 10449750
91000 10429850
91099 10424750
90697 10414800
91499 10444900
90898 10434900
91797 10399700
91196 10434900
92301 10439800
90100 10404900
90598 10464900
91097 10479950
90196 10379900
92096 10464950
91600 10454900
90597 10444900
90896 10469750
90897 10429800
91196 10434800
90999 10389800
90996 10479900
92796 10449850
90598 10424800
91599 10454850
91600 10404850
91797 10429850
92298 10359750
92299 10449950
92499 10434850
92200 10459950
90798 10384750
90396 10434900
90800 10449750
90699 10454850
91097 10414850
92098 10439800
90396 10459850
90597 10439750
90299 10464800
90900 10484800
91401 10434700
91200 10449900
91097 10434850
91099 10429900
91498 10474950
91197 10439800
91500 10444900
90596 10419900
92198 10374750
91699 10379800
90697 10464850
90600 10429750
91096 10439750
90800 10419850
90996 10489950
92598 10424750
91100 10399900
91097 10464900
90397 10414750
90400 10449900
90498 10449850
91500 10429700
90796 10444850
91199 10454900
91601 10484950
90497 10409800
91497 10439800
91997 10454800
91399 10444900
91796 10474800
92599 10484800
90900 10454900
90696 10459850
90500 10454950
90698 10449750
91397 10354800
91897 10454800
91396 10469900
92201 10434750
90700 10454900
92299 10439850
92097 10374800
92198 10419900
90596 10384950
91700 10354800
90900 10429750
91699 10404750
91899 10449950
91299 10414900
90596 10419950
91196 10419750
92399 10424950
92101 10419800
90399 10384700
91296 10409800
91399 10474950
91501 10414850
90800 10449750
92000 10424800
90799 10424800
91600 10429800
90200 10459950
91199 10339750
90699 10429900
91496 10429900
92400 10419750
92401 10404700
90998 10429900
91398 10439850
92900 10399750
90996 10404950
90800 10439950
91697 10444950
91601 10434900
91200 10419750
90897 10449950
90396 10444800
90998 10459900
90798 10464850
91001 10469850
90998 10459850
91098 10404700
91798 10399850
90697 10414850
91400 10409850
92096 10419800
90497 10419900
91298 10449750
90696 10409800
91396 10484800
90500 10399800
91696 10429800
90498 10469800
91899 10414800
91098 10484800
90897 10464950
90798 10429850
91097 10444900
91600 10394850
90797 10379800
90397 10429800
91200 10459950
91899 10474950
91696 10469950
90398 10474800
90596 10389700
91798 10469950
92198 10389700
92202 10459850
91799 10394800
90596 10484950
91196 10354750
90497 10479750
92099 10389900
90498 10474800
92100 10459950
90796 10439900
90397 10429750
91799 10454850
90400 10454800
92597 10414850
90800 10429750
92199 10434850
90397 10459850
90700 10404800
91299 10344850
91599 10424750
90296 10409800
91099 10419850
90998 10374800
91397 10429800
92700 10424850
90499 10394800
90898 10449800
90399 10439900
91100 10389750
90697 10449950
90999 10394800
90800 10464850
90499 10409800
90796 10439750
91497 10464750
91596 10409900
90600 10399850
90896 10419800
91397 10404850
91197 10419950
92799 10414800
91298 10399950
90499 10434800
92000 10384800
90298 10459950
93098 10369800
90400 10444850
91196 10394850
92402 10454750
90597 10324900
91796 10429850
91600 10424900
90598 10454750
91798 10444950
90896 10409750
91399 10419850
91297 10454900
91399 10439750
91500 10419700
90400 10374850
91401 10414900
91900 10414900
91299 10394850
92400 10419750
90400 10369800
90796 10424950
90698 10474850
91899 10459800
91198 10409750
90798 10454750
91198 10364900
91198 10434950
91696 10419700
92096 10419850
90900 10409900
90796 10379800
90697 10429900
90999 10494800
91097 10444950
91800 10404850
91597 10459800
91397 10439900
90597 10429800
91096 10489750
91599 10449950
91800 10444800
91798 10449900
91496 10444700
90999 10394800
91197 10459750
90399 10474800
91499 10469850
90597 10419950
90598 10444850
90797 10439850
91098 10469850
90396 10409850
91800 10449900
91698 10479950
90896 10434700
90799 10449950
0 600038145
90898 10429850
91599 10439700
90996 10439900
91996 10424750
90999 10449950
91098 10444800
91096 10419800
90596 10339750
90897 10414850
90796 10459900
90200 10489900
90697 10459950
90999 10439850
90597 10429750
91099 10369750
91401 10434950
91396 10459800
92299 10444800
92302 10479950
91997 10464800
90400 10479750
90200 10429850
91197 10439900
91999 10439950
91797 10279950
90896 10404800
90700 10454750
91198 10424950
90798 10424800
91299 10469900
90699 10439800
93298 10414850
92900 10454750
92498 10454750
90396 10484750
91098 10434800
91296 10489950
90497 10459950
90597 10414900
90599 10444900
90797 10449950
91298 10474950
90999 10419800
91600 10459800
91797 10464900
90400 10434750
90696 10464750
91697 10389800
91501 10419800
90997 10384800
90299 10444950
91299 10474850
90496 10469750
90696 10464900
90200 10459900
91096 10404900
90496 10484850
92096 10349850
91698 10409900
90896 10429950
90398 10479750
90997 10429900
90396 10369700
92798 10414850
91500 10464850
90799 10444850
90898 10464750
90498 10419950
90997 10479900
93101 10479900
92100 10369750
91097 10384800
90596 10489750
91600 10439750
91699 10429900
91197 10434900
90499 10439850
92097 10384850
92599 10304700
92298 10434750
91297 10459850
92001 10459950
91196 10374850
91097 10474800
90798 10399800
91198 10464800
91099 10409850
90897 10454900
91096 10444950
91599 10399900
92201 10429900
90696 10409900
92497 10434850
90298 10419950
91098 10404800
90999 10474850
91999 10439900
90897 10484900
90999 10449750
91898 10479850
90598 10469800
90898 10459850
91799 10434950
92797 10399950
90597 10434750
91297 10464850
92698 10444850
91797 10469750
90496 10459800
90900 10469800
90800 10349700
91598 10444900
90999 10424800
90899 10479900
91796 10424700
90698 10399800
91098 10449950
92300 10404700
90896 10469750
92397 10444900
90600 10419950
90998 10459950
90100 10444900
90897 10489800
90398 10449950
90398 10399850
92402 10474800
91699 10424700
92100 10414900
91097 10479750
91797 10424850
91801 10474800
91298 10439900
92098 10459800
90896 10464850
90898 10414850
91698 10449800
91597 10379950
92200 10479900
90497 10479750
91101 10414900
90496 10429900
91698 10429800
91097 10414750
91898 10404850
90197 10414850
91598 10419850
90699 10434900
92598 10384900
90896 10419800
91296 10449850
90599 10479800
90696 10434850
90496 10434850
91497 10444800
91901 10414850
91299 10449850
90997 10454850
90897 10469850
91799 10414900
91997 10449800
90800 10469900
91500 10429900
92098 10424950
91397 10454750
91000 10469850
92101 10494850
91501 10359850
91798 10484750
91596 10459950
91499 10489850
91696 10444850
90800 10424900
90997 10424750
90898 10424950
91199 10429850
91198 10409900
90700 10494850
93701 10489850
90196 10489950
91799 10359950
91496 10459800
92497 10434900
91199 10449950
91899 10389750
91598 10434950
90896 10394700
91800 10439800
91097 10394900
91399 10449750
92599 10484850
90796 10449750
90198 10464750
90897 10459900
91096 10404800
90497 10469750
90697 10424850
91796 10439850
91296 10424800
90398 10434950
90796 10449950
91601 10439950
90496 10439700
91599 10454950
91601 10444850
90996 10454900
90799 10464750
90096 10449850
91096 10379950
92397 10399950
91100 10429950
90397 10399700
91296 10459950
91196 10459850
90699 10449900
91000 10464850
92198 10444950
91196 10419800
90900 10449800
91299 10464750
91597 10424700
91398 10404800
92297 10429900
91299 10439850
91099 10449750
92200 10454900
90199 10424950
91896 10454900
91301 10429800
91297 10469900
90399 10444900
92398 10384850
91396 10394700
91096 10409850
91197 10459850
90798 10489950
91096 10489950
91496 10344850
91100 10429900
90796 10409900
91099 10489900
90799 10414850
90200 10394850
90796 10464750
90398 10429900
92300 10459800
90897 10464900
91101 10449800
92296 10424800
90900 10439900
91196 10439900
90398 10464950
90598 10429750
90496 10334850
91199 10454850
90596 10414850
90599 10469950
90497 10454850
90697 10469900
90596 10409900
91996 10439750
92800 10454750
90297 10464900
92198 10459800
90699 10429800
90798 10474850
91597 10449950
91500 10464950
91796 10414800
91698 10389850
91298 10489950
90696 10354750
90896 10489950
91199 10489850
90299 10449900
91396 10479850
90400 10419850
91898 10409750
90696 10449900
92999 10384750
90600 10389750
90296 10459750
90997 10399850
91499 10434900
90700 10479900
91800 10479900
92298 10419950
90897 10419900
90300 10389750
90797 10419900
90799 10389950
90899 10384900
91596 10444800
91096 10414900
90799 10374950
90596 10489800
92198 10404900
91598 10419850
93196 10369700
90898 10394950
90900 10464850
91898 10394800
90399 10419850
91497 10434800
90600 10414750
91498 10459850
90900 10439800
92196 10404900
91597 10489950
92400 10399900
91499 10489850
90797 10409750
92798 10464850
91196 10439800
90496 10374650
90498 10444900
90396 10459800
90399 10484750
90699 10444950
90397 10439950
90797 10434900
91096 10414800
90797 10454900
92197 10414850
91799 10379750
90299 10439900
90097 10394700
91198 10449750
91198 10449800
90600 10419950
90899 10409950
91600 10424750
91598 10449850
91000 10409850
90897 10474800
91396 10444850
92298 10449900
91298 10454850
90499 10459950
91200 10424850
91100 10444850
90900 10459900
90497 10454750
91197 10409750
91697 10484950
91698 10464750
90597 10464950
91699 10474950
90599 10474900
90698 10419950
91099 10459800
92097 10454750
90997 10419850
91397 10424750
91600 10459750
90596 10489750
90800 10434750
90200 10429950
91298 10454750
91096 10404800
91096 10424750
91597 10429750
91099 10444900
90796 10414800
92498 10399750
90998 10484900
90600 10474800
90797 10409900
91499 10419850
92399 10389950
91298 10469750
91300 10449950
90297 10489750
90300 10414700
90700 10389850
91601 10419750
90697 10384900
90496 10474950
92502 10464800
91697 10429700
91398 10414750
91300 10474750
90198 10419850
90996 10444850
92000 10484850
90397 10384850
91898 10484950
91297 10439750
91498 10474850
90600 10429850
90897 10479750
92596 10434850
90498 10459750
91300 10384900
90999 10424750
90300 10434950
90600 10424850
92100 10454850
90798 10449850
91398 10399850
91000 10454900
90598 10394750
92996 10479900
91698 10444950
91196 10449850
91499 10444800
90399 10409950
90400 10439850
91497 10384750
91298 10389900
90798 10494750
91097 10479900
90799 10424800
92496 10469800
90897 10434900
91297 10414700
91396 10409700
90797 10409800
90999 10444850
92200 10484950
91097 10439900
91297 10454750
90896 10469850
91400 10464900
90696 10469750
92400 10489800
91399 10484900
92798 10434800
91196 10429800
90599 10394750
90498 10474950
91496 10384950
91500 10349850
91498 10444950
91296 10434850
90299 10469800
90599 10359700
90799 10434900
90900 10384750
90896 10409700
90600 10424750
90898 10439900
90696 10484900
90598 10464750
90399 10464750
90299 10469800
90898 10354750
90798 10404850
93001 10434800
91999 10489950
90697 10389750
91500 10474850
91199 10344750
91198 10434900
92497 10439700
90998 10414800
91499 10404900
90999 10424750
90500 10404900
90399 10449950
92298 10479750
91000 10479900
90097 10409950
91496 10454850
91596 10394800
91097 10394800
90497 10434950
91097 10424950
92198 10479900
92596 10394900
91098 10454900
91598 10459750
91201 10474800
90998 10384700
92399 10444800
91097 10449750
91100 10469750
91099 10454850
90697 10484900
91798 10439800
91599 10439800
90597 10464850
90796 10474800
91599 10419800
91099 10419800
91697 10464850
91797 10489800
91498 10474800
91398 10439850
91000 10484800
91000 10479800
91100 10439750
91299 10414850
92098 10414950
90496 10484900
91199 10369750
91400 10454850
91697 10434900
91501 10479850
91197 10409700
90898 10419850
90598 10439700
91299 10409700
90697 10409950
91398 10494900
91997 10424900
91997 10459800
90698 10434950
90598 10479800
91301 10409850
90397 10484750
91301 10454750
91898 10434900
90800 10379900
90500 10419950
90397 10404850
90296 10374800
91299 10394750
91397 10439750
91400 10479750
90500 10374750
90698 10469750
90498 10399950
91296 10449850
91296 10439900
90697 10474750
91298 10464850
90698 10429750
91797 10449900
91300 10449750
91097 10489900
90896 10404750
91497 10439950
90498 10454800
90796 10439800
92800 10399850
91396 10364900
90800 10429950
90198 10449800
91100 10419750
91096 10439900
90398 10444750
90297 10434850
90700 10399750
90898 10474950
90400 10424800
90999 10429800
90997 10389850
91900 10364750
91198 10424800
92098 10419750
90996 10439800
91096 10389950
91697 10419900
92401 10424700
91297 10409800
92297 10359850
90697 10404950
90100 10404900
91296 10319750
91399 10424850
90799 10439800
91099 10464950
90499 10429900
91597 10359800
92600 10439900
90899 10469850
91397 10474950
91298 10449900
90598 10394750
90600 10409800
90196 10404750
92599 10459800
91499 10474750
90498 10464900
92796 10429750
91400 10444900
91797 10469950
90897 10399850
92900 10404800
92197 10469750
90600 10404750
91300 10424750
91599 10439800
91896 10424850
90799 10449900
90297 10389700
91397 10404850
90600 10489900
90299 10404800
91899 10479950
90896 10454950
92297 10399850
90996 10439850
91698 10429750
91399 10384850
92897 10419900
91596 10434950
91601 10444850
91000 10479800
91298 10424800
90900 10479850
90497 10424800
90700 10374900
91401 10444950
91899 10439800
91501 10444900
91499 10469750
90597 10439900
91999 10404750
92497 10489900
91198 10419750
91796 10404950
90797 10424800
91599 10389900
91400 10429900
90797 10454750
91800 10479950
92300 10469850
91799 10414950
90297 10414700
92597 10489850
91097 10434750
91298 10424750
92301 10449850
90399 10454900
90499 10489800
91998 10459950
90897 10484900
92898 10369850
91098 10419800
91699 10414850
91099 10349650
91298 10404950
91897 10459750
90696 10469850
91901 10439950
92297 10459850
90500 10429750
91198 10444850
91397 10469800
90897 10379800
90300 10419700
91697 10424900
91301 10389700
92600 10434800
91299 10424800
90200 10409850
91598 10474850
90696 10439950
91299 10454900
90798 10374900
91100 10404850
92700 10449750
91397 10454800
91297 10399800
91396 10439750
90699 10444850
90400 10404950
91800 10389950
91697 10424900
91400 10439900
91196 10469950
91297 10449800
91799 10429800
91298 10389850
90497 10424900
90400 10484950
92498 10464750
92497 10434950
90999 10439750
91097 10464950
91301 10464750
92701 10414950
91799 10454850
91397 10449850
91296 10459850
90700 10459800
90400 10399950
90696 10434850
91397 10459850
90399 10484850
92000 10399750
92396 10399900
91401 10384950
90797 10434950
91096 10369850
91998 10404900
91600 10454950
92301 10429850
91496 10434900
90196 10489950
91299 10464950
92198 10449800
90100 10404800
91099 10484800
90697 10424750
91599 10439900
90896 10354950
90999 10424800
92000 10439900
91397 10409850
90999 10449850
90300 10344850
91398 10474850
92101 10429950
91696 10419850
91097 10464900
90397 10464800
90198 10464800
90796 10479800
91598 10474800
91998 10469750
91599 10409800
91899 10434800
90797 10439850
90298 10439850
91000 10424900
91997 10474900
92699 10429800
91397 10439850
92196 10474900
92698 10449800
91899 10439900
91999 10444750
91900 10469750
90997 10364850
90699 10439800
90598 10429850
92299 10409900
91599 10479900
90597 10439850
91498 10439700
91201 10414800
91600 10444750
91197 10419750
91096 10449950
92300 10449900
92300 10414750
90700 10419900
91097 10464950
91797 10384850
91799 10454950
92201 10449750
90499 10424850
90999 10354900
90500 10474800
91697 10454900
91298 10404900
91096 10394950
90798 10479800
91000 10424850
91597 10319850
91201 10464850
91299 10449800
90798 10379900
90900 10484750
90998 10439850
92199 10474800
90896 10469750
91698 10389950
90199 10434750
92000 10449900
90699 10469800
90997 10429800
92299 10444950
90497 10494950
90597 10409800
90899 10464850
92596 10439900
90596 10464850
91300 10434750
91497 10459850
90399 10429950
91299 10419900
91497 10449800
92301 10369950
91197 10399800
90800 10434750
92502 10464950
90998 10459900
90899 10464900
91599 10449900
91097 10419850
92800 10494850
90800 10434800
92799 10414800
91398 10444850
91096 10414950
90200 10379850
91498 10379850
91197 10469850
92000 10439900
91200 10479950
90896 10434900
91298 10354750
91096 10434950
91498 10479800
91299 10389750
90697 10424850
90096 10459800
92301 10464750
91899 10424800
91600 10469900
91098 10419950
90400 10444750
92697 10444850
91901 10429950
90496 10464750
91100 10434750
90597 10444850
90500 10414850
90498 10454750
90399 10399900
92399 10459800
91196 10419800
91297 10489800
90298 10419900
90896 10484750
91700 10474800
91799 10404750
91197 10399850
92197 10419950
91097 10464750
90598 10384750
92200 10419900
90698 10419850
91499 10439800
91700 10484850
91398 10454800
92799 10494900
90699 10449750
92698 10489800
90599 10429850
90598 10439850
90296 10414850
91200 10404750
90600 10394900
91196 10444900
90597 10419750
91100 10454950
92198 10474800
92197 10479850
92900 10429750
91097 10449950
91398 10389750
91799 10444850
90498 10419800
91999 10374900
90400 10419900
90596 10429900
91999 10424800
90996 10474900
90900 10434800
90900 10419750
90998 10394800
92100 10429800
91099 10479800
91298 10389700
91197 10479750
90999 10419750
91699 10424850
91200 10429800
90299 10464850
91496 10489950
91000 10444850
90799 10439900
91197 10444900
90999 10439800
90496 10444900
90199 10484850
90796 10449800
92899 10419700
92699 10414750
91501 10409950
91696 10414800
90899 10399700
90798 10489850
90198 10449950
91000 10429900
91298 10459750
91700 10404800
91500 10454750
90896 10454950
91498 10449750
91401 10454950
91896 10439950
90397 10484850
91400 10474950
90899 10494800
91600 10449800
91997 10444800
90799 10404900
91098 10489850
92100 10459950
90800 10429700
90697 10474950
90998 10429800
91400 10409900
90299 10449750
90797 10424750
91000 10429800
90396 10474800
90400 10394750
91396 10439800
91700 10379700
90596 10469850
91596 10464850
90296 10479800
90399 10479850
90697 10419950
91999 10479750
91197 10384750
92000 10369700
90698 10354750
91301 10384850
92199 10409900
91396 10444850
90199 10429800
90499 10474950
91300 10399900
91097 10449750
90900 10479850
90698 10404700
91600 10429850
93099 10434750
90796 10419950
92297 10459850
90797 10454750
90500 10464750
91499 10404900
90998 10414750
91799 10429800
92098 10414850
92501 10389850
93099 10444900
90798 10439850
90398 10469750
91196 10399850
92202 10479850
90599 10469850
91396 10474950
90798 10459900
91396 10479900
92098 10439800
92301 10374800
92399 10494850
90999 10419950
91496 10414750
93298 10444750
91900 10474900
90396 10424750
90600 10369850
91700 10429800
90700 10414800
90497 10434900
90998 10449800
90500 10439850
92800 10394900
91098 10479750
90696 10449900
91200 10464800
91801 10424900
92598 10419950
91497 10479850
92500 10409750
91800 10454850
90397 10389650
91300 10434850
90297 10414900
91500 10454950
91300 10394700
91497 10424900
90796 10444800
91899 10409800
90897 10459950
90296 10469900
91197 10419950
90696 10454850
91899 10409900
91499 10379750
91099 10399900
91997 10394950
91297 10449750
90896 10424900
92698 10404750
91300 10409700
90798 10409700
91300 10464900
90296 10464750
90700 10469750
90197 10414700
91396 10469950
91096 10359700
91200 10484950
90800 10444850
91097 10434950
90799 10449900
91296 10454950
92599 10439800
90597 10469900
90500 10409800
91700 10419950
90496 10434850
90500 10449850
90597 10494950
92198 10464800
90300 10394900
92498 10394850
90898 10404950
91901 10434750
91197 10409800
91401 10389750
91301 10429900
90998 10444900
90698 10429850
91398 10454950
92398 10419750
90199 10469950
90796 10394750
90399 10424900
91097 10389800
91198 10414800
91597 10444800
91599 10419900
91196 10379800
92201 10444850
91898 10434750
91099 10419750
91597 10434900
91801 10424700
91998 10489850
91197 10439950
91497 10454800
90797 10419900
90500 10449950
91696 10479750
90697 10439800
91701 10439850
92999 10449800
91200 10449850
92000 10439800
91298 10464800
90399 10384900
90596 10424900
90597 10474750
90499 10459950
91199 10404900
0 600038145
91297 10424900
90600 10419850
91296 10469800
90800 10354850
90700 10449900
91196 10454800
90399 10434900
91798 10454850
91900 10384750
90697 10459850
90999 10424900
91399 10379750
91197 10454850
91496 10349800
90499 10424800
90600 10444850
90798 10474850
90797 10464750
92000 10414950
91300 10419750
90999 10429900
90100 10424950
91196 10404750
90597 10409750
91997 10424850
90598 10434950
90397 10469950
90998 10469900
90797 10454850
91300 10419900
91697 10484900
90297 10454750
91099 10439950
91998 10459950
90897 10444850
91296 10474850
90597 10419750
90597 10414950
90100 10409800
91099 10384850
91697 10454800
90799 10449800
90500 10424900
90899 10429800
90297 10444750
91299 10404900
92401 10434850
90299 10424750
90499 10479850
91100 10469950
91196 10429700
90496 10419850
90499 10454800
92001 10449800
92099 10429850
91099 10469950
91299 10454750
91097 10399900
92897 10484900
91397 10429800
90997 10464950
91598 10399700
92299 10399850
90300 10379800
92197 10484800
91598 10384900
90398 10459850
91598 10459950
91297 10449750
90696 10449900
90599 10449800
92497 10439950
90499 10394900
91198 10489850
91700 10429850
91097 10434950
92096 10459900
90697 10479950
91196 10459950
91200 10434700
92001 10429950
91800 10464850
92196 10449750
90797 10429850
91600 10439800
90599 10439800
90996 10474750
90898 10479950
91899 10399850
90399 10419800
92100 10429700
90798 10429800
90796 10444850
91799 10464950
91298 10484850
91396 10424800
90799 10399850
91398 10449800
91500 10474850
91297 10404800
90700 10449850
90500 10444950
91598 10439800
90697 10454900
90497 10414750
90900 10459800
90996 10469900
90697 10419850
91697 10374950
90798 10469750
90996 10454900
90297 10409750
91998 10419900
91500 10429800
90498 10434900
91197 10444750
91499 10444950
91496 10374800
91900 10409900
91498 10349950
90997 10389700
91699 10449900
91497 10464850
91298 10474950
91601 10489950
91896 10389900
91399 10339900
90399 10414800
90599 10454800
90796 10454800
90700 10464950
91401 10454950
91698 10439850
91896 10399700
91196 10374850
91999 10459800
90896 10449800
90898 10464950
90997 10439900
90597 10424800
90900 10439800
91197 10434850
90500 10439850
90300 10464750
90299 10439950
91799 10419800
91097 10479900
90800 10439850
91996 10374950
92501 10459750
91697 10424900
91297 10444800
92199 10399950
90096 10399850
91100 10404700
90400 10379950
91398 10384900
92498 10464800
91099 10414850
90499 10424900
91597 10409950
92597 10379800
91198 10419950
90598 10494900
90499 10459850
92098 10389850
92399 10444800
93399 10409750
92799 10414800
92099 10469900
93198 10394800
91798 10419850
91998 10404750
91196 10339700
90796 10394650
90598 10409900
93199 10469850
91098 10379950
90196 10404750
92197 10419900
91297 10464950
90696 10444800
91597 10494950
91698 10494900
90996 10469800
91300 10444900
91199 10419800
90900 10434950
90500 10449800
91999 10434950
90398 10439800
90797 10444800
91600 10464950
91899 10379800
90396 10454850
91596 10419950
91600 10369850
91498 10434750
90500 10419900
92100 10409900
90698 10454950
90500 10384750
91296 10479800
91500 10399850
91096 10394700
90897 10399850
91897 10409900
90700 10394900
91697 10449900
90896 10459800
91396 10414950
91199 10469750
92297 10479800
91096 10419800
90499 10459750
90497 10409900
91896 10469850
90597 10424850
90697 10454950
90500 10424750
92898 10489850
91098 10449800
90996 10494950
91596 10454950
90298 10434900
91098 10454800
91996 10474900
92499 10489800
91097 10479950
90397 10459800
92000 10379700
91498 10429850
90799 10419900
90696 10479850
90399 10474950
90098 10444900
90599 10389750
90398 10389850
90998 10449750
91899 10369750
90696 10429700
91297 10439850
91200 10394800
90300 10439800
90798 10429750
91797 10429850
91000 10419750
90999 10419850
91299 10389750
91000 10479850
90499 10409800
90796 10454750
90797 10454800
91401 10474850
91797 10464950
90899 10474850
91697 10449800
90597 10409850
90296 10459850
91497 10429900
90398 10434750
91099 10454750
92600 10414800
91297 10459800
91801 10419950
91398 10424850
91199 10429950
90899 10449950
91298 10449950
90998 10444900
91501 10444800
91300 10464800
90398 10474850
90197 10434950
90996 10474950
91200 10474750
90897 10444850
90897 10474800
93096 10464900
91496 10389800
91496 10464800
90996 10454900
90697 10424900
91799 10464750
92697 10419850
90298 10379900
91100 10459900
91398 10474850
91498 10479900
91796 10439750
90996 10409750
90600 10444950
90198 10379750
90998 10429800
90999 10404750
90896 10394850
90998 10454850
90798 10444800
91198 10489800
91600 10409900
91200 10484750
90597 10459850
91500 10409800
90497 10449800
93400 10464850
92899 10424750
92399 10389800
90998 10379900
90897 10429800
90599 10394800
91501 10399850
92399 10474750
91598 10379800
90897 10479800
90396 10454850
91997 10439750
91096 10479800
90999 10454750
91400 10454800
91499 10419900
91399 10424900
91201 10414900
91399 10429950
90296 10344750
90498 10469800
91198 10459900
91696 10424750
90798 10429950
90799 10399800
90599 10384800
90198 10404900
91300 10434750
91799 10444800
90298 10449750
91698 10444950
90798 10399750
90700 10449800
90198 10449850
90697 10434900
90500 10389950
90697 10379750
90798 10479950
90899 10419800
91896 10479950
90699 10459900
90800 10479750
90497 10429800
91598 10419850
91000 10419850
91996 10449750
91599 10429950
91200 10434900
90899 10419850
91098 10484850
90897 10399750
91198 10384950
91901 10444900
90496 10484850
91400 10389900
90400 10434900
91499 10434700
91101 10464800
91898 10444900
90998 10449850
91098 10439900
91898 10374850
91399 10484800
91700 10409700
91399 10449950
90599 10414800
90898 10414850
90798 10474750
91497 10444850
90896 10439900
92999 10379800
90998 10479750
91099 10374850
91698 10409750
92198 10464900
91897 10424750
91497 10419850
91699 10494950
90698 10429750
91597 10439750
91098 10369850
90600 10454750
90697 10454750
91701 10429750
91699 10454900
91598 10329750
91299 10454750
92000 10434750
92100 10414700
91097 10414800
91601 10434950
91098 10434900
91796 10459900
91099 10409850
91398 10404900
91801 10459800
90596 10444850
91099 10474850
90898 10429800
91297 10449900
91598 10449850
90897 10419800
91199 10424750
90498 10419800
91098 10389750
91301 10404950
91901 10429950
91700 10469900
90799 10469950
91997 10434800
90997 10424900
90400 10484850
90599 10434850
91198 10484850
92297 10384850
90499 10429850
91300 10399900
91200 10479850
91501 10474900
92497 10459750
91099 10404850
91699 10434850
91897 10404950
90699 10404900
92399 10384900
90699 10414750
90499 10374800
90500 10384800
91697 10479950
91297 10494850
91998 10374750
91598 10369800
91096 10449900
91598 10439800
90697 10409850
92400 10444800
91497 10414850
91499 10459750
90597 10434900
91699 10439900
90999 10444900
90500 10429900
92998 10409950
91300 10469900
90197 10459850
90098 10479900
90700 10454800
90499 10454950
91900 10459950
91097 10479800
90398 10469900
90598 10429900
91601 10484800
90698 10454900
90399 10434800
91398 10389850
91997 10349750
91201 10419750
90799 10419800
90700 10389800
93199 10474750
90597 10464800
91996 10459950
91397 10419750
91497 10469900
90200 10404800
90898 10424900
90900 10404750
91096 10424800
90900 10399850
90898 10444800
90298 10424900
90798 10429850
90599 10439750
91097 10409750
91196 10459800
91801 10394950
92301 10454950
91596 10494950
91298 10424900
90700 10429800
92700 10439850
91096 10479800
91198 10479800
91700 10444850
90998 10439750
90399 10414800
90498 10439950
90797 10424950
90599 10389900
91101 10369850
91199 10474950
90298 10434900
90697 10379850
90696 10449850
90097 10439900
91496 10439800
91998 10449950
90900 10444800
91498 10444850
92702 10449900
90299 10434750
90798 10449750
91300 10474900
91400 10344900
91800 10394750
91200 10449850
92297 10399850
91097 10464950
90797 10479750
90699 10414950
90599 10404850
90898 10419700
91997 10459950
90598 10404850
91297 10444850
91696 10474950
91498 10394850
90697 10404900
90399 10394850
92597 10454750
92100 10424950
92202 10459750
91500 10479850
90797 10469900
91199 10409900
90697 10484850
91399 10449850
91396 10414900
90498 10464950
91199 10459750
91797 10369650
90298 10469750
92100 10484750
92301 10424800
91198 10434800
91699 10444800
91496 10419850
91797 10454950
91801 10394800
91996 10459900
90597 10394750
90999 10459950
90797 10444850
90199 10419800
91397 10399900
90398 10414850
90196 10429850
92197 10454900
90698 10454850
91297 10444800
90598 10459750
90200 10444850
90798 10474950
90599 10439900
90796 10399800
91297 10419750
90597 10424900
90699 10469800
90396 10439850
91798 10384800
91796 10389750
90499 10459750
91100 10449900
91698 10424750
90597 10399850
91497 10454800
90997 10419950
91697 10409750
91499 10434850
91096 10394850
91399 10459850
90799 10474900
90600 10469850
90997 10429850
91697 10414850
91396 10434850
90196 10454900
93496 10429800
90700 10389800
90700 10434800
90400 10384900
91899 10409900
91597 10404950
91201 10464950
93199 10409750
90999 10469950
91199 10449750
90097 10364800
91896 10464950
91996 10414850
90399 10444850
90796 10439800
92198 10404700
91099 10419750
90296 10419800
93599 10429700
90296 10419900
90096 10399750
90997 10424800
90798 10409950
90300 10494800
91396 10424900
91498 10414850
90798 10389900
91799 10419850
92001 10384850
91298 10374750
90598 10484850
90998 10419850
91199 10414750
92196 10444950
90798 10484900
91898 10424750
90896 10444800
93899 10479800
90698 10449850
93298 10484800
91399 10469900
91498 10439750
91198 10389950
90199 10429750
91599 10474750
91400 10449750
90300 10414850
91897 10479950
91099 10429950
90596 10454900
91600 10424700
91898 10384750
90697 10419950
91799 10474750
90598 10459800
90998 10454950
90800 10494750
90997 10479750
90700 10464950
92097 10414950
91399 10479800
91099 10429750
92000 10384850
92697 10449750
90697 10484950
90499 10409700
90598 10464900
91097 10469850
92800 10454800
90999 10419800
90296 10479850
90496 10434900
92301 10429750
91297 10354900
90196 10434800
91401 10469850
91898 10459850
90397 10444950
90700 10469950
90998 10399900
90296 10434850
92300 10424700
91997 10424800
90896 10464800
90396 10454850
91799 10459900
91398 10479850
91397 10434850
91300 10434800
90396 10444800
91096 10399700
90296 10489850
90596 10409950
91701 10454800
91596 10379650
91798 10424850
90899 10439850
90798 10449900
91400 10399900
90698 10469850
91598 10454950
91600 10444950
90599 10444900
90300 10409750
91998 10439900
90896 10469950
90600 10374800
90896 10464900
91098 10404750
90896 10449950
90497 10439850
91298 10449750
91199 10404700
92001 10374950
90597 10434900
91801 10479850
91398 10434850
91501 10449950
90099 10429950
91096 10434800
90298 10414850
92098 10459950
91298 10469950
91097 10434900
90797 10434850
90497 10464750
90796 10489850
90698 10444850
90998 10449950
90200 10424800
91800 10444800
92500 10374650
90600 10444800
91097 10409900
90699 10409950
91896 10489900
90396 10424900
91500 10404800
90597 10389800
90998 10434900
90797 10454800
91000 10409700
92400 10444950
91297 10449950
91600 10449850
91798 10439700
90897 10434900
92597 10474950
92399 10449750
90400 10394850
90597 10429750
90100 10434750
90597 10489800
91401 10439900
90400 10459900
90900 10439900
90896 10484850
93298 10359650
90897 10414900
91300 10429750
92000 10489850
92098 10399800
90800 10454750
91296 10444900
91400 10454750
91899 10484850
90697 10424700
91298 10409900
91997 10414950
91300 10474750
91897 10394800
93001 10414800
91398 10489750
90897 10464900
90598 10424950
91499 10404700
90999 10464800
90297 10459750
90996 10409800
91399 10494800
90896 10469750
90896 10489800
90799 10424900
90496 10459900
90500 10419750
90800 10399950
91498 10384850
91496 10424700
90996 10334700
90898 10449800
90898 10474950
91399 10439950
90699 10484850
92597 10479850
91500 10464900
91198 10454850
91398 10484800
90800 10424800
91298 10404750
91896 10444850
90996 10474950
90400 10474850
90997 10459900
90996 10454750
90799 10454900
91897 10444850
90397 10404750
92100 10449950
92500 10404750
90800 10444950
91099 10479950
90898 10399850
90700 10454850
91898 10444750
91296 10419800
92097 10424850
91099 10384800
91998 10449950
90999 10409750
92298 10474800
90799 10459850
91697 10464900
90599 10434900
91197 10489850
90700 10419900
90297 10474750
91000 10449750
91001 10449750
90497 10449850
90499 10399750
90197 10424950
91798 10304900
91997 10404850
91098 10444850
90798 10454750
90297 10449900
91496 10474750
90799 10434850
90798 10414900
90200 10404850
92198 10454800
93501 10434750
90400 10434900
91700 10479850
90500 10419950
91698 10419750
90699 10429900
92000 10394950
90799 10409850
90497 10409950
91397 10429800
90697 10419950
90300 10449750
90696 10419750
92000 10434850
91400 10489900
92401 10419750
90998 10434900
91997 10469900
91098 10459900
91796 10459750
90297 10429900
90098 10489750
91097 10399750
90899 10464800
91299 10419900
90996 10479950
90997 10399900
91999 10394900
90598 10409700
90898 10399750
91197 10449750
91499 10474750
91100 10424800
91600 10474950
90300 10489900
91098 10479850
92598 10374650
90900 10429750
91399 10379750
91400 10434950
92300 10479800
91897 10479800
93099 10419800
91696 10364900
91798 10464950
91098 10424850
91798 10479950
91500 10449950
91999 10454850
90899 10479800
91997 10459900
91298 10479750
91800 10404750
91796 10369800
91796 10389750
92698 10419900
91001 10459850
90996 10429900
92201 10414750
90596 10454750
91797 10449950
92200 10439750
91496 10469950
90496 10394800
90796 10459900
90997 10394900
91498 10424850
90996 10429900
91597 10429800
90597 10469900
90797 10459800
90600 10419900
90400 10394950
90799 10454850
90498 10409950
91000 10469750
90899 10454800
90398 10449750
91800 10434750
91697 10429750
92198 10449800
90696 10449950
90499 10489950
90596 10394700
91798 10434900
90997 10424800
91097 10384900
91298 10494950
91496 10374900
90497 10444950
91196 10454850
90997 10444850
90897 10414900
93300 10454900
91400 10439900
90900 10404750
90600 10444800
90297 10434750
92399 10434800
90696 10464800
91398 10394750
91900 10489850
91797 10434950
90600 10454900
90998 10439800
91296 10364700
90499 10454750
90297 10424800
91599 10469850
91998 10419850
91900 10429750
92401 10439800
90699 10459900
90999 10384700
90498 10374700
92297 10449950
91801 10474950
90396 10454800
90800 10444950
91496 10434750
91196 10464800
91301 10434950
92097 10364700
91701 10449850
90200 10469950
90096 10429900
90199 10429850
92098 10419800
90998 10439850
90998 10449800
91098 10454900
90398 10394850
91397 10449950
91597 10424950
90600 10429850
90800 10474800
90396 10384800
90996 10429750
91400 10404900
91000 10409700
91199 10444800
90500 10419750
92597 10464800
90696 10474800
91498 10414850
91400 10434750
91396 10439900
90998 10369800
91998 10444750
90998 10419850
90698 10399850
92200 10464850
92199 10429900
90797 10449750
90897 10464950
91000 10439850
93198 10419800
92099 10389750
91700 10404850
91198 10434750
91400 10429950
92201 10384750
91499 10479750
93101 10439900
91098 10444900
91800 10459750
91597 10484750
93497 10454750
90999 10429850
91196 10469900
90498 10454750
90297 10464900
90699 10459900
90496 10379750
91396 10439950
90999 10414750
90298 10459800
90799 10419700
91000 10424850
90500 10379900
91900 10374800
91299 10449950
91698 10444950
92200 10454750
91796 10479900
90897 10429800
90097 10434800
90998 10409750
91499 10459800
92097 10414850
92199 10479900
90599 10379850
90397 10384900
90996 10449750
91396 10414850
90900 10434950
91396 10449800
90898 10459800
92396 10429900
92098 10434850
90997 10449850
90797 10399900
91499 10469900
91296 10409750
90897 10449800
90698 10389900
92399 10364750
90098 10434800
90796 10444850
91799 10414950
91098 10404750
91498 10414950
91198 10454750
91400 10449850
90399 10439850
90496 10444750
91598 10479950
90597 10424850
90900 10424850
93101 10399950
90397 10434850
90700 10414800
90300 10464950
91801 10469900
0 600038145
91700 10484800
90700 10439900
91397 10444800
90400 10439850
90599 10429850
91799 10444750
92000 10489800
90796 10464900
90598 10404950
91897 10474950
90500 10479850
92397 10434900
90496 10384950
90798 10434750
90800 10439800
90800 10429850
91200 10459800
90100 10449750
90600 10434800
91200 10444850
90397 10429750
91098 10439800
91099 10434850
90497 10424750
90997 10459900
90699 10394850
90898 10394900
90698 10454800
91298 10404900
90898 10389750
90899 10469750
91299 10434900
91097 10424800
90699 10474850
90796 10414950
90496 10439800
90897 10409800
92897 10394700
91100 10434750
90896 10429750
92896 10449750
90896 10464800
92397 10494750
93399 10454850
90400 10429950
91799 10424850
91300 10469900
91298 10454750
91398 10449750
91799 10409900
90497 10464900
91098 10454800
92001 10394750
91296 10444900
90798 10434800
90898 10434850
90600 10444750
90596 10479800
92198 10459900
91099 10479950
91500 10434750
91699 10459950
91899 10454950
90799 10409900
91896 10454750
91201 10444950
91498 10419900
91301 10469850
90700 10449850
91600 10429800
91300 10379800
91397 10439750
90800 10419800
90900 10434850
90400 10444800
91000 10384950
91101 10389800
91400 10444800
91996 10474800
91801 10439750
90498 10429850
91998 10439950
90697 10489750
91800 10419950
90797 10424900
91899 10464900
91097 10409950
90999 10479750
91697 10464900
90796 10384900
91299 10449750
92596 10414900
91700 10379850
91400 10429750
90899 10459800
90400 10469900
90700 10414850
91499 10404950
91201 10429850
91600 10414850
90096 10439900
90900 10429900
91298 10494900
90498 10359850
90597 10484850
91498 10464950
90296 10419900
90196 10474800
91300 10449800
90896 10434900
90999 10449900
91800 10439750
91399 10469800
90599 10449900
90996 10479750
90798 10404900
91501 10464900
90298 10419700
91897 10424900
90999 10469750
90199 10479800
91799 10419850
90697 10444850
91499 10464850
91000 10429750
91696 10454900
92098 10454950
91601 10379850
90997 10444950
90400 10379900
91198 10479850
90997 10439800
91198 10434900
92902 10424850
91098 10414750
90900 10409950
92397 10414800
91201 10454950
91100 10429950
91797 10409950
91397 10474850
90798 10449800
92300 10459750
92796 10454950
91700 10429900
90997 10454750
90899 10469750
91701 10459850
91800 10384850
90699 10489950
90696 10444800
90798 10469750
91597 10419900
90797 10434900
91999 10444750
91798 10464900
91496 10484950
91197 10429850
91099 10484800
90597 10464850
90897 10444750
90899 10419850
90600 10439800
91996 10434950
91300 10424950
91198 10389750
91598 10424750
91699 10399750
90100 10449750
91897 10454850
91499 10419850
90498 10399750
91300 10414750
91497 10489750
90897 10454750
92501 10434850
90197 10474750
93497 10479900
91298 10474900
90400 10414900
90296 10484900
91096 10459800
90699 10429900
90496 10484900
91698 10439750
90800 10454850
92202 10474950
90596 10459800
90099 10464950
91198 10374900
92998 10464900
90699 10404850
90400 10459800
91797 10439700
92498 10469800
91097 10404750
90800 10469800
90796 10454750
92197 10459850
91800 10389900
90200 10464900
90396 10434800
90596 10489750
90797 10414950
92298 10469850
90396 10459750
91597 10489850
92197 10434750
91896 10434800
90500 10464800
90396 10484750
91196 10379800
90997 10449900
92202 10454750
91997 10409900
90599 10469850
91196 10389900
91097 10409900
90597 10419900
91997 10389750
91696 10444900
91300 10479900
91800 10419900
91400 10464750
91597 10349750
90997 10414750
92298 10379800
91597 10474900
91996 10484900
90597 10419700
90899 10474900
92097 10399700
90799 10399950
90600 10354800
90596 10404750
92401 10484750
91498 10464750
90299 10394800
91501 10444850
90596 10399750
91601 10429900
92497 10459750
91799 10439800
90397 10414900
91096 10434750
91699 10404900
90797 10454850
90300 10444750
92099 10459750
90397 10379950
92898 10444850
90999 10369800
91196 10414900
91099 10469800
92599 10444750
91797 10444750
91200 10439950
91198 10449750
91398 10464900
90797 10409950
90998 10459900
90897 10434800
91198 10459950
90696 10434950
91497 10439750
90298 10404750
92097 10429750
92000 10469800
90897 10424900
92400 10474900
91197 10469950
91198 10374750
90800 10479900
90400 10439750
90798 10449900
90896 10349850
90398 10449850
92501 10444750
91996 10464900
90998 10489900
90797 10424700
90900 10469900
90399 10489950
90899 10459800
90998 10444900
91200 10464750
91196 10459800
91098 10439750
91099 10444900
91000 10434750
91099 10444900
91100 10389650
90799 10459950
91599 10429800
90200 10419900
91596 10399900
91097 10459850
93498 10439950
90899 10494750
90798 10424750
91198 10474900
91897 10479850
90997 10434750
91398 10429750
91498 10444850
90797 10414800
91498 10364650
90497 10459750
91200 10479900
92000 10469850
91198 10414700
90800 10449900
91801 10454800
90296 10419800
91999 10454800
91601 10409900
90298 10399950
90999 10429700
91798 10424750
91997 10424850
90597 10434900
90697 10409800
90398 10399700
90999 10454750
92401 10449850
91599 10459800
91600 10434950
90400 10449950
90598 10434800
91698 10414800
90696 10439900
91196 10464900
90898 10434800
91599 10464900
90597 10399700
92301 10484850
91097 10414850
92197 10439750
91898 10429800
91499 10449900
90900 10419850
91198 10394850
90597 10409800
90696 10464850
90600 10464850
90598 10479850
90296 10419950
90798 10419900
91296 10449800
92398 10424900
91600 10449950
92298 10469750
91400 10479900
90198 10369850
90396 10434900
91199 10354800
91100 10454850
91699 10439850
90599 10454950
91601 10434950
90596 10434750
91298 10399850
91300 10444800
90499 10474800
91296 10449950
92701 10424800
90296 10459950
91200 10494750
90698 10464900
91099 10444900
91099 10444900
90796 10399700
91998 10424850
91100 10454850
90698 10459950
90599 10469950
91598 10454850
91796 10464850
91500 10369800
90798 10454950
91997 10439950
90996 10409750
90900 10414750
90997 10404800
91200 10449750
91500 10439950
91098 10439800
91900 10374750
90800 10354900
91800 10459750
90898 10434750
91598 10464800
90798 10484850
90500 10469850
91896 10444900
91499 10474750
92300 10474750
91299 10449950
91298 10434850
91800 10424800
90597 10424900
90598 10399800
93097 10444950
90997 10404750
90100 10369850
90300 10484900
91798 10429900
90800 10479750
91900 10479850
91401 10414900
90500 10394850
92196 10434900
91299 10469950
92901 10419800
90999 10429750
91798 10454900
90800 10469850
90200 10404900
92098 10389850
90397 10479850
91698 10414900
90497 10484800
90497 10404800
90797 10454750
91499 10459900
90797 10409800
90100 10414950
91201 10454900
92200 10454900
92197 10454900
91000 10469800
91700 10394750
90597 10449900
90999 10414950
90698 10494950
90898 10429900
91501 10449850
91396 10454800
91999 10464900
90999 10374750
90200 10464800
90896 10429900
91497 10459900
91300 10439800
91299 10384950
91098 10484850
91401 10439850
91100 10434800
90596 10419850
91697 10369800
91598 10474900
90898 10459800
91296 10444950
92200 10469900
90597 10439800
91496 10414750
90798 10434900
92600 10424850
91200 10474900
92000 10379850
90399 10384850
90596 10459750
91200 10489950
90799 10469950
92698 10424850
90898 10479950
91399 10454850
90596 10469800
91797 10429800
90597 10399950
91497 10459900
90997 10474900
90796 10454850
91096 10484750
90696 10379700
91299 10449900
92600 10379800
90899 10394700
91796 10424800
91300 10344800
91397 10474900
90898 10404750
90896 10444900
90600 10439800
91498 10479800
91596 10469800
90497 10444900
90999 10439850
91398 10484800
90898 10464750
90500 10409800
91500 10429750
90698 10434900
91698 10474950
91197 10469950
90800 10424850
91899 10479750
90900 10399850
91799 10399700
90896 10449950
90798 10434950
90696 10424800
91500 10414900
91499 10379850
91698 10394900
90699 10424900
90900 10454800
90699 10414800
91498 10404850
92396 10444900
90697 10439750
90600 10414750
90696 10444800
90699 10439900
91400 10369950
90100 10464800
91899 10434850
91901 10439950
90699 10419850
91098 10439850
90396 10474950
90496 10434700
92100 10469800
90196 10474800
91000 10424700
91098 10414850
91696 10444800
91701 10384850
91196 10399750
90800 10444750
91299 10459750
90796 10434750
91097 10479950
91399 10459750
90800 10474750
92496 10494800
91997 10429850
93499 10474800
90999 10449800
92597 10464800
90100 10449850
91401 10464850
91000 10414900
90699 10449850
90898 10449900
90896 10449950
90497 10419850
90098 10409750
90999 10484800
91900 10459900
90497 10489900
90600 10464800
91398 10469850
90700 10459900
90797 10484800
92098 10484850
92098 10449800
91396 10469850
91796 10379900
90899 10394900
91398 10409750
90997 10434900
91897 10469850
91001 10479850
91700 10454850
90500 10449850
90098 10414850
91198 10414900
90496 10479850
91798 10464900
91299 10414750
91897 10454850
90796 10444850
92099 10424950
91698 10399850
90996 10439750
90696 10479900
90596 10334850
90900 10459750
90498 10384750
92096 10489800
91398 10464800
90396 10454800
90496 10369750
92096 10459900
90996 10489800
91000 10434800
91098 10464850
91597 10459850
90899 10399800
91200 10434700
91399 10449900
91496 10459900
92902 10469850
90997 10454850
91098 10444800
91896 10374900
91098 10419800
91497 10364750
91397 10404800
91599 10424950
91797 10439800
90299 10419800
90698 10414850
91198 10374900
91200 10394900
91498 10489850
90896 10459950
91500 10429750
90096 10464950
90897 10424700
92098 10389700
91099 10454800
90696 10484800
91899 10394950
91500 10459850
91197 10454900
91296 10334950
90697 10439850
90597 10434900
92097 10434850
91496 10419750
91698 10454950
90897 10419750
91399 10474800
90798 10414950
90998 10459750
91499 10474900
91300 10419750
92201 10434900
91399 10414800
90896 10399850
90798 10454800
92096 10389800
90300 10424800
91199 10449850
92000 10439850
90998 10469950
90500 10404750
90197 10454800
90796 10434850
91599 10434800
91599 10404800
91996 10384950
90900 10454900
90698 10469800
91300 10419850
90299 10409850
92297 10404850
91297 10429900
93398 10409850
90899 10444900
91099 10389900
91999 10454750
90896 10429750
91200 10439700
90599 10469800
92198 10414950
91899 10464850
90797 10464850
92101 10474900
90597 10464950
90599 10414900
90800 10474750
92101 10494900
92901 10449900
90398 10464900
90497 10479850
91196 10454750
90800 10464750
91501 10404700
90996 10459850
92600 10439850
90797 10474900
91500 10474750
90796 10454900
91000 10454750
90497 10409900
91500 10484900
90698 10424750
90699 10449950
92598 10419850
91497 10409900
91396 10389900
90900 10459850
90899 10449900
90800 10384900
91198 10454850
91698 10469850
90898 10429900
90500 10424800
90300 10414750
91701 10479800
90900 10419800
90899 10489750
90596 10414950
90400 10444950
91800 10469750
91797 10364800
90897 10474850
90700 10454950
91998 10479950
91098 10409700
91899 10449800
91396 10434950
91997 10464900
91998 10379800
90398 10364650
92001 10389900
91999 10469900
90297 10399850
91199 10379750
90799 10414700
90099 10474900
91097 10469850
90296 10449800
90700 10479850
90700 10424900
91398 10484900
91499 10424800
92198 10489750
91600 10414700
91899 10434750
90897 10434950
91199 10374750
91998 10459750
90397 10474750
91299 10439750
91699 10449850
90400 10469850
91698 10459950
90197 10404800
91400 10429750
90699 10384850
90799 10429950
90998 10419850
90998 10394800
91900 10439800
91598 10429800
90899 10454950
90998 10319850
91198 10409750
92098 10484850
90698 10454850
91396 10459800
91896 10414950
90698 10464850
91797 10399850
91498 10444750
91400 10484900
90698 10459850
90899 10329850
91500 10474800
93199 10434800
91397 10374650
90497 10414750
90599 10439750
90600 10384800
91200 10439950
91599 10444800
90598 10469850
90198 10359700
91896 10439900
90396 10439950
91697 10424750
92197 10459850
90299 10409800
92297 10449800
91100 10394900
91197 10394850
92401 10474750
91498 10449850
91098 10414950
91901 10474800
91599 10359900
91498 10454750
91697 10469750
91599 10409800
91299 10384800
91298 10474900
90398 10444800
91399 10489800
92098 10439800
91998 10429950
91397 10454900
90397 10399850
90697 10459950
90500 10444900
91897 10419900
91697 10424850
91599 10399800
90998 10459900
91200 10424800
90599 10349800
91098 10414850
90498 10454850
90400 10459800
90698 10449850
92898 10389900
91198 10444900
91598 10494750
91399 10419850
90596 10404950
90900 10389900
90496 10454950
90699 10454850
91296 10394850
92098 10459850
90298 10429750
90799 10414900
90900 10434800
91799 10424900
91296 10454950
91699 10389800
90999 10449750
91100 10379650
91501 10439900
90398 10404950
90396 10379850
91296 10474750
91297 10434750
91396 10439750
91198 10449750
91396 10449800
92596 10449950
90299 10424950
92099 10409700
91098 10444900
91196 10429800
91200 10454750
92199 10454950
90999 10429850
92199 10379850
91297 10464800
91497 10464950
91596 10394800
93100 10439750
91299 10429950
92000 10349900
90496 10419950
92399 10419900
91496 10489800
90099 10419900
93597 10439750
90498 10444950
90098 10419900
91499 10364900
92199 10494950
92598 10424900
90297 10414750
90300 10424850
90596 10434850
91900 10419850
92900 10454900
90399 10364850
90200 10439750
92797 10474850
90997 10339700
90799 10479800
92698 10389750
91896 10359800
91298 10439950
91999 10464900
91197 10439700
91097 10404900
90599 10414750
90398 10434900
91997 10474800
90698 10379750
90697 10374850
91498 10444750
91400 10414700
90296 10464750
91400 10434850
90800 10464800
91396 10459900
90697 10479900
91596 10454750
91796 10344750
90496 10434900
91196 10369850
91296 10454900
91800 10419800
91396 10449950
90999 10469950
91901 10464900
90996 10409950
91100 10454900
91297 10469900
91698 10444800
90398 10479850
91700 10454750
91400 10409850
90800 10429850
90897 10424700
90897 10464900
91200 10469950
90800 10474800
91297 10389750
90800 10409850
92300 10414800
91297 10439850
91097 10429800
91499 10444800
90700 10434700
92096 10424700
90800 10444850
91798 10444800
92497 10464950
90798 10474900
90997 10439850
90600 10409850
91996 10439850
91099 10439950
91596 10434750
91500 10399850
91699 10349750
90697 10359750
91898 10464750
90899 10449800
91299 10484950
91997 10414700
90998 10444900
91996 10454900
91798 10424800
91199 10469900
90996 10469850
91299 10399800
91697 10439850
90600 10489900
91397 10394650
91398 10414900
91100 10434850
91897 10464750
90500 10434950
91097 10464750
91296 10379900
92396 10469750
90898 10429900
90897 10414900
91599 10469850
90900 10444800
92297 10489800
91097 10429900
91397 10404950
93396 10459950
90898 10399850
91296 10424900
90700 10459850
90697 10469750
90700 10474800
90099 10469850
91899 10464750
91196 10419850
92199 10434950
90897 10424900
91998 10469900
90300 10474950
90800 10464900
92397 10464850
90900 10439750
91299 10419850
90896 10439850
90699 10429850
92498 10449750
90398 10444750
90800 10444850
92297 10444900
90900 10434750
91196 10474800
92201 10459750
90399 10404950
93198 10424750
92698 10419950
91699 10434750
92401 10459850
91299 10409900
92100 10469950
90698 10459900
91098 10449800
90498 10414750
90399 10479800
90996 10434850
90500 10344750
90397 10334800
90799 10484900
93300 10454850
90800 10454750
91200 10474850
90800 10414850
90700 10459750
91499 10414750
91796 10439900
90299 10479950
91598 10434950
90996 10429950
90498 10424900
90899 10484900
90697 10474950
91997 10389900
91497 10454950
90200 10459950
91599 10469950
91399 10444750
91396 10414850
90299 10444750
90698 10409700
90996 10419750
91097 10469750
91296 10454950
90200 10469950
90398 10384950
90697 10329750
90900 10469800
91401 10454750
90599 10434950
90798 10469900
91501 10434800
91499 10444850
90496 10454800
91896 10409950
91096 10469900
92101 10434900
92898 10479950
90600 10484850
91999 10484950
91897 10479750
91297 10419750
91797 10449950
90899 10444950
92599 10389950
90697 10474950
91099 10409800
90800 10419950
91600 10424850
91199 10459900
90698 10474900
91400 10464750
90800 10429700
92100 10454950
90896 10409700
91498 10489800
92099 10479800
91900 10469800
90896 10444800
90897 10409750
91397 10479750
90397 10474800
0 600038145
91398 10344750
90898 10444750
92298 10424900
91898 10344800
91497 10419950
90699 10404800
91799 10444800
91801 10444750
91196 10354800
90800 10429700
91496 10404850
91199 10424900
91997 10449900
91297 10464900
91399 10469800
91798 10429950
91697 10464750
92199 10399850
91800 10474900
90199 10479950
90800 10399900
90896 10449800
91197 10419750
90997 10454900
91898 10429850
90997 10484850
91099 10459850
90798 10449950
91399 10439800
91698 10459750
90697 10434750
91700 10474850
92098 10459950
90797 10484900
91200 10374750
92400 10414900
91298 10474900
92099 10414850
91496 10414750
90496 10474750
90999 10434900
90699 10424850
92101 10354750
90498 10399950
91099 10469750
90100 10444800
90196 10399700
90897 10479800
90698 10489850
91496 10484800
91298 10404800
90798 10489950
90498 10459850
93100 10479900
90798 10429950
92698 10449900
91501 10454800
91899 10379750
91701 10414750
90896 10369750
90096 10434750
91501 10399850
91599 10419750
91896 10364750
92500 10404850
90997 10409800
91198 10344800
90896 10449750
91497 10359850
91899 10459950
90696 10444750
92302 10454950
90698 10444850
91296 10449800
90299 10459750
92000 10419850
91198 10424950
90799 10469750
90698 10474950
90500 10479750
91000 10449800
91296 10489850
90698 10484950
90397 10479850
90499 10399900
92100 10469900
91901 10439900
91200 10399900
90398 10484950
90296 10424900
91297 10414900
91799 10454950
92198 10489800
91297 10444900
92200 10394700
90200 10459750
91497 10429850
90800 10484950
92499 10454800
90696 10444750
92500 10489850
90696 10459900
91597 10459900
90300 10404850
90600 10374850
91596 10389750
90700 10469750
90898 10429750
91699 10439850
91899 10449950
91100 10464900
90798 10414800
90696 10459800
91700 10449800
91098 10414950
92199 10394800
91099 10464800
90698 10434900
90499 10484850
90699 10454750
90998 10409850
90497 10464900
91598 10434850
90399 10484900
91098 10419950
92099 10449800
92500 10444950
90599 10439800
91597 10469950
91298 10449900
91398 10479800
91096 10379750
91300 10439950
90400 10374950
90598 10414700
91600 10359700
91298 10439900
92000 10399750
92098 10464950
91896 10444950
91299 10444950
92000 10434900
91697 10384700
91098 10474750
90998 10439750
93001 10464950
91898 10444950
91401 10429850
91201 10439700
91199 10474950
91398 10454800
90899 10409800
91300 10424950
91297 10434750
93096 10434900
90897 10449800
90400 10449900
91899 10414850
90900 10374850
90700 10404950
90496 10469750
90798 10459800
92397 10394750
90600 10369900
91796 10454950
91598 10464900
91298 10409800
91098 10404800
91798 10409900
90598 10459950
91097 10384750
90397 10464750
90899 10419850
90997 10414800
90799 10449950
91997 10469850
90499 10364800
93200 10409700
90997 10444850
91098 10424800
90996 10404750
90800 10394750
91797 10469850
91598 10444750
91397 10459950
91199 10419900
91697 10469800
91196 10389950
91401 10374900
91200 10454800
91099 10439850
90798 10444950
90997 10404850
91499 10324850
92397 10384900
91197 10419900
92396 10439950
90398 10444850
91001 10359750
93096 10439850
90200 10424750
91399 10369750
91098 10444950
90597 10464950
91398 10414950
90500 10404900
90496 10474850
92000 10404800
90100 10449750
91498 10389750
90598 10439950
90897 10409950
92298 10494850
91796 10439900
91498 10459800
90696 10459800
92096 10474850
91498 10454950
91097 10439900
91097 10459950
91000 10404800
90700 10434750
90898 10429850
91199 10414750
90599 10384800
92598 10444900
90398 10439850
91197 10429800
90497 10414900
90599 10434850
91100 10444800
92799 10409750
90598 10424850
90900 10484850
91096 10384850
90700 10374900
91297 10469750
91399 10359850
90900 10464950
91600 10489850
90598 10489850
91000 10404850
90699 10449950
90900 10449900
91296 10379800
90400 10489750
90296 10454800
91099 10484850
90999 10454850
91900 10444800
91098 10454750
91597 10484800
92100 10414800
91398 10434750
91999 10419850
91398 10434700
91100 10469800
91096 10374750
90800 10379700
92102 10449900
91500 10424850
90799 10429950
90797 10454800
91600 10369900
91900 10469800
90800 10404900
91198 10474750
91198 10439750
90699 10409800
91098 10394950
90098 10479750
92196 10479750
91296 10429950
90796 10479900
93801 10394800
90996 10469800
90098 10454750
91798 10429750
90397 10439800
92301 10479900
91599 10399950
90996 10419950
90896 10434750
91400 10444950
91700 10469900
92200 10454850
91699 10379900
90498 10384900
92201 10394750
91198 10414850
92297 10409750
91199 10439850
91097 10429900
90200 10439900
91800 10459800
90900 10429950
90699 10459750
91300 10444750
90898 10444800
90900 10394900
90197 10484850
91700 10494850
91897 10444850
90496 10399800
90496 10439850
91398 10424900
91498 10429850
91397 10469800
91498 10479950
90996 10419900
90199 10429750
91601 10469800
92499 10469750
90896 10424700
90997 10459850
91797 10374850
91499 10379900
91197 10409800
91099 10394750
90500 10369750
91598 10424900
91598 10424950
91299 10439800
90296 10409750
90499 10454850
92201 10444800
91201 10439950
91401 10464850
91598 10494800
90297 10454900
90697 10434800
91199 10414750
91399 10444800
90900 10449900
91899 10454950
91301 10399850
90397 10454800
90796 10429750
91300 10449900
91698 10494950
91199 10474750
91398 10484900
91599 10419750
90397 10414800
90696 10464900
90196 10429900
93097 10404800
90296 10379850
91798 10474850
91399 10449800
90498 10464800
90297 10444800
92600 10469800
91798 10459900
91099 10439950
91297 10429900
91100 10479900
91299 10419950
90797 10464900
90997 10479750
90797 10324950
90797 10469950
90396 10454750
90899 10459850
90500 10379750
91398 10404750
90198 10419850
91298 10429900
93002 10479800
90097 10424950
90800 10439800
93198 10469900
91901 10479950
92001 10444950
92096 10494800
91896 10484800
91599 10459800
91998 10344850
91697 10474950
91400 10409700
90699 10459750
91196 10394800
91799 10474850
92100 10459800
91500 10369750
91298 10444950
91197 10384850
90696 10399900
91500 10424850
90696 10424950
92898 10464750
90300 10454800
91900 10444750
91399 10454900
91899 10469900
91199 10464900
90700 10479900
90400 10434800
91797 10419950
90900 10374750
90700 10434850
91298 10489800
91597 10414850
90699 10459750
90599 10404950
91500 10429800
92400 10399800
91297 10434800
91298 10434800
91597 10399800
91200 10444900
91099 10464800
92299 10414950
90697 10414800
90296 10404850
90199 10419950
94301 10459950
92397 10394750
91099 10449900
91300 10444800
91299 10394750
90797 10449800
90296 10469850
92898 10394800
92596 10479850
90796 10469900
90897 10334900
91098 10464750
91297 10419900
91396 10404750
90899 10454950
91496 10354700
91399 10449800
91399 10479750
90797 10364800
90697 10439700
91297 10434700
91296 10424800
90500 10449950
92101 10479800
90700 10484900
91000 10434850
90899 10384900
91700 10439900
91499 10419900
91599 10399950
90500 10484850
92701 10454850
90900 10474950
91000 10484800
92697 10484850
90798 10439900
92396 10439900
91398 10434850
91500 10444950
91196 10474850
90896 10404950
91900 10454800
91098 10444850
91899 10389800
91597 10404750
90397 10454750
91096 10419750
90298 10439900
91698 10489800
93098 10419800
92598 10424850
91399 10454950
92197 10419750
91597 10439850
90800 10409700
90799 10484950
93002 10409750
91496 10449950
90898 10469800
91900 10444750
91000 10429900
90498 10389900
90499 10434800
91997 10419850
91099 10404700
92000 10429950
92498 10414900
92097 10459950
92099 10464850
90499 10444850
91696 10439850
90998 10469900
90898 10419700
91099 10489750
91100 10464750
92199 10434750
91000 10474800
91697 10389800
91699 10479850
90698 10469900
91396 10399700
91897 10394900
92697 10439900
90597 10449950
90896 10459950
91697 10459950
91300 10419900
91697 10434800
90699 10494900
91296 10484750
91398 10454850
90797 10424850
91200 10454750
91297 10449900
90896 10474750
91697 10459750
90597 10449750
90700 10414700
90399 10454950
90099 10454800
90696 10464750
90998 10384750
90099 10454900
91696 10474900
90897 10439800
92098 10444750
91399 10369750
90299 10439800
91098 10394750
90698 10439750
90599 10489800
90897 10479800
90598 10409750
91699 10409750
90696 10479800
90899 10419950
92500 10404750
91898 10379700
92200 10429850
90798 10409750
90799 10419950
91599 10439950
91999 10394750
91096 10469750
91097 10449800
90800 10474850
90700 10329750
91296 10384950
90298 10369850
90898 10434700
91400 10434750
91296 10464950
91297 10444800
91799 10459800
90500 10444800
90797 10429850
90798 10444800
91099 10419850
90500 10484900
91200 10464800
92097 10454800
91200 10474900
91097 10449750
92700 10424800
90699 10484850
90998 10454800
90098 10414950
91897 10454750
90999 10359750
90596 10424900
92099 10484950
90997 10409900
91697 10479950
91498 10454900
91801 10459750
90996 10394750
90998 10489900
91096 10444850
90396 10474900
91400 10434850
90400 10419900
91300 10409800
91999 10394800
91399 10434800
91096 10449850
90900 10419900
90596 10444800
90497 10439850
91999 10429800
90699 10469950
91100 10469900
91000 10409850
91097 10414800
90900 10449900
90297 10454900
90499 10474950
90299 10439900
92298 10429800
91098 10419700
92598 10439900
90699 10474950
90900 10449800
91797 10429850
91497 10439700
90100 10459750
91496 10484850
91699 10464900
90600 10449750
90798 10369800
92697 10449950
90397 10439900
90796 10459800
91298 10414900
92397 10424900
91396 10454950
91400 10464900
91199 10424850
92000 10479800
92597 10344700
91098 10439800
90100 10434950
91498 10469950
90397 10449850
91598 10424800
91797 10424750
92798 10404800
91097 10464850
90196 10449850
90400 10474800
90499 10454800
92298 10354850
91000 10364850
90700 10429850
91301 10464800
91997 10454800
91097 10444750
91600 10404850
92301 10469800
90799 10424800
91497 10444800
91100 10489900
91100 10434850
91299 10409850
90198 10399750
91097 10464950
91601 10429950
90999 10424950
91499 10429750
91398 10444850
91597 10449850
91600 10394850
90299 10469850
90696 10449950
90797 10454800
91499 10434850
91299 10394900
90896 10464950
91197 10434750
91399 10484900
90699 10439950
91899 10434900
92701 10444800
90998 10399750
91896 10444800
92399 10429800
91697 10414900
90200 10419700
90596 10479900
91800 10444850
90997 10479750
90896 10449900
90896 10469900
90398 10429850
90900 10369700
91098 10349900
90297 10469800
91799 10444900
90598 10459950
91398 10394750
90700 10419750
90697 10419950
91796 10469750
91097 10369850
91098 10444700
91197 10444950
92202 10389750
92101 10449950
91100 10474950
91396 10429850
90500 10444950
90796 10479850
91500 10424800
91300 10439750
91896 10424950
90900 10409900
90800 10329750
90899 10474750
90700 10469750
91897 10484900
90199 10404850
90797 10449750
90999 10424700
90697 10464850
91797 10489800
91697 10469750
90999 10469900
92001 10429950
90798 10474800
90696 10464950
91498 10464950
90799 10434800
91197 10414900
90197 10439900
91200 10419850
92300 10414900
90998 10474850
91398 10439950
91496 10319950
91497 10419750
90396 10449800
92697 10479750
91100 10459850
91496 10444900
91497 10444800
90196 10469750
90898 10394700
91499 10439900
90498 10459750
91900 10379950
92600 10489950
90997 10464850
91399 10469800
90198 10399900
91799 10374800
90200 10464950
91396 10389750
92298 10459850
91198 10439750
90997 10464950
91296 10399850
92296 10424750
91100 10469850
91299 10384900
91499 10434900
90798 10429900
90998 10439800
91497 10414850
91700 10384900
91798 10449750
91196 10429950
91898 10444750
90900 10429700
91298 10404800
91099 10434800
91699 10489850
91400 10444850
91196 10419800
90296 10434900
91800 10444800
91097 10439900
90596 10459800
91698 10494900
91898 10424900
91798 10469950
91096 10444850
91296 10439750
90699 10459900
91100 10479950
90097 10444900
90797 10479750
90599 10434850
90400 10459900
90900 10359650
91999 10484950
90698 10339650
92197 10459850
92700 10469800
91098 10399750
90400 10494900
90300 10439950
90599 10414850
91600 10454900
90399 10419800
90296 10459950
90400 10419850
90700 10394800
91397 10439950
90099 10429900
91499 10424900
90197 10469900
90998 10484750
90997 10434950
90797 10449850
90898 10424800
91698 10399850
92099 10404850
90300 10469850
91596 10439750
91297 10459850
91297 10459850
92000 10384950
92000 10389750
91097 10484800
91297 10474900
92196 10384900
91297 10434950
91496 10419950
90997 10449800
90597 10484900
91797 10429750
91199 10469950
90898 10474750
91196 10454950
92399 10434800
90796 10474950
90597 10434900
92100 10399750
90999 10454950
91998 10469750
90299 10464850
90398 10404750
91198 10414850
90598 10394750
91001 10419750
91100 10429950
91397 10454750
91200 10374700
91198 10394750
90097 10419900
90596 10399900
91699 10469950
92000 10469750
91299 10444800
90999 10369950
91296 10429850
90599 10409750
92600 10459750
91900 10444750
91801 10429900
91496 10379850
90796 10449950
90800 10489850
90196 10374750
90598 10474900
91098 10464750
90496 10369700
91101 10439850
92300 10474850
93099 10454750
91198 10454850
90196 10454950
91000 10459800
92197 10434750
91898 10439950
90398 10474950
90800 10414800
90297 10469900
90297 10444900
90699 10419900
90898 10379850
90496 10459850
90997 10459800
91297 10404950
91597 10469950
91300 10454800
91100 10409700
91199 10424900
91201 10404700
91201 10374950
90496 10424950
91601 10384750
90598 10424850
91698 10484800
91197 10444900
90698 10454900
91996 10464750
91398 10429750
90396 10444700
90800 10464950
91897 10424900
91396 10449950
91599 10459750
91099 10484950
91401 10459950
91001 10474950
92197 10434850
90200 10389950
91898 10439900
90599 10424950
90596 10469900
90296 10469800
92300 10394950
91596 10409800
90598 10399900
93402 10489950
90996 10464950
92099 10414850
92201 10464950
90800 10474750
90799 10494950
93198 10479850
92700 10449850
92101 10404800
91398 10419800
90796 10379850
91797 10469950
92700 10439950
91001 10454950
91696 10404800
90900 10389850
90997 10444850
91398 10454750
91296 10479850
91100 10454800
90497 10374900
91099 10409900
90798 10464750
91396 10479750
91497 10399900
91897 10404950
90799 10389750
92996 10429800
91396 10429750
91298 10444850
90696 10439850
91297 10429950
91500 10449850
91300 10434800
92298 10459850
90500 10459950
91197 10454850
91600 10419700
91000 10404800
91998 10454850
91797 10429850
91096 10399800
91200 10439800
90600 10484750
91797 10459950
90999 10429800
91598 10439750
91196 10464900
91099 10449800
90397 10409800
91198 10449850
91599 10469900
90800 10434850
91399 10464900
92200 10374800
90800 10424700
91198 10439850
91197 10449850
90597 10394850
91896 10424800
91399 10369800
90897 10449950
90696 10419700
90996 10434800
91799 10399700
91901 10414800
91299 10384800
90699 10439900
90399 10404800
91300 10434900
92596 10404850
91299 10449800
92799 10459900
90396 10489900
90798 10459850
91198 10449750
91697 10444750
91000 10439950
91496 10464750
90498 10464800
91500 10489750
90799 10459800
91298 10449950
91497 10439800
90296 10474950
91098 10334750
90999 10389800
90200 10444850
90896 10399950
90999 10419900
90498 10474800
90700 10479950
90896 10464800
91299 10479800
90399 10449750
91899 10454900
91100 10459900
91797 10449750
91097 10429950
90300 10469750
91796 10464750
91897 10444950
91200 10409900
91198 10459850
90797 10339750
90699 10469900
90599 10374800
91498 10469750
90798 10459900
90699 10424850
92098 10409800
91197 10454800
90600 10494750
92298 10404850
91301 10434800
90698 10464750
91901 10434850
90797 10449850
91198 10384900
90098 10449850
90999 10424850
91397 10414700
91097 10454850
90297 10444900
90497 10404950
90296 10424750
91097 10414850
92197 10439950
91197 10414950
92299 10479950
91699 10454850
91599 10459800
90796 10379850
90397 10399850
90697 10449800
91398 10444850
90797 10434900
91497 10449750
91696 10434950
90197 10434900
90700 10414800
90300 10474850
90797 10424750
91200 10449750
90198 10459850
91398 10449800
91098 10409750
91500 10454750
92601 10459950
91897 10434900
91296 10364900
92297 10389750
91499 10359800
91899 10469950
91599 10429750
90896 10424950
91599 10444950
0 600038145
91199 10379700
92597 10434800
90500 10414750
91199 10469950
91397 10479950
90897 10419750
90797 10399750
91797 10419900
91497 10399800
90400 10394700
91297 10464900
90600 10429800
91400 10414750
91500 10444950
91797 10449750
91497 10414900
90798 10414850
91397 10399750
90699 10444750
91800 10449800
90998 10439850
90498 10484750
92599 10404800
90698 10469800
90797 10419800
91299 10459750
91597 10394850
90797 10474850
90499 10394800
91499 10449750
92697 10479800
92599 10474900
90596 10489900
91096 10399700
90996 10409850
90898 10434950
90999 10389800
91398 10404800
90697 10444850
92298 10464850
90498 10394800
90797 10489800
91200 10449850
91896 10474800
90496 10424800
91199 10409900
91198 10474850
90396 10454800
91597 10439900
91599 10469950
90499 10474900
91099 10469750
91297 10444750
91599 10389750
92397 10444900
90897 10489850
91299 10454850
90998 10489800
91098 10484850
90298 10439950
91197 10449850
91300 10429950
91497 10454950
91696 10479900
91299 10409800
91300 10449800
90299 10489900
90699 10479800
90300 10459750
91398 10429800
91400 10459800
91197 10479900
92198 10474800
93200 10454750
91801 10449950
91298 10424900
92201 10409800
90598 10449800
90498 10419750
90697 10474900
91200 10449850
90398 10464800
90997 10419800
91397 10439800
92098 10464900
91096 10409700
90299 10449950
91200 10409750
91499 10479800
91100 10494750
91097 10444950
90896 10434850
91397 10469750
90798 10389750
92600 10394800
91600 10424700
90498 10454850
91596 10384950
91099 10429900
90999 10474750
92296 10429950
91198 10459950
91198 10454750
90199 10444950
91298 10489900
90796 10424850
90097 10434750
90799 10479750
91500 10444900
90596 10489900
90997 10444800
91701 10479750
91501 10449950
92598 10409850
90996 10429700
90797 10434900
91197 10429900
90596 10444800
91400 10444700
91997 10424900
90796 10419800
92598 10474850
90497 10419700
90997 10434750
91100 10419950
91301 10449850
90996 10494950
92101 10424850
90998 10414850
91199 10374800
90899 10394700
90898 10384850
92796 10464750
90798 10384900
91301 10369750
90396 10444900
91098 10479900
91096 10434950
91097 10434900
90897 10479900
90698 10469850
90899 10459750
91296 10419800
90800 10424800
91797 10489850
91297 10449950
92097 10484800
90298 10459750
92199 10479750
91599 10469850
90300 10414950
90297 10444900
91599 10484950
90496 10429850
90599 10454750
90596 10444800
91200 10469900
90897 10414950
90700 10364900
90899 10399700
91199 10414800
90899 10414800
91897 10454900
91096 10444950
91099 10449750
92600 10454800
90798 10469850
90597 10464750
92098 10419750
92100 10439850
91897 10464800
91699 10494950
90698 10359750
90496 10404700
91600 10429900
90298 10479900
91299 10434900
91597 10469900
91598 10454950
93999 10484750
91001 10404750
91399 10419700
91400 10404900
90697 10434800
91300 10464850
90596 10404750
91800 10484800
91896 10439700
90797 10424800
90598 10449900
91697 10484950
90500 10469900
91398 10404850
91296 10474750
91297 10479750
92000 10424750
91799 10429900
90599 10469850
91398 10449900
90297 10404850
90698 10464900
90800 10469800
90098 10484800
91597 10379800
91501 10469900
91301 10469900
90600 10434950
90399 10429750
91397 10459900
93199 10479750
91000 10469950
90697 10434800
91100 10474800
91899 10459800
90898 10414900
90698 10464900
92501 10424750
90599 10484900
91200 10414900
90899 10454950
91697 10484950
91299 10464800
91098 10399950
92701 10454850
90599 10424750
90900 10469800
91596 10419900
91297 10384700
92301 10464900
90698 10434800
91701 10419900
91198 10439750
90996 10454850
91601 10419850
91398 10379850
91599 10394700
91599 10439800
90199 10389900
91098 10444750
91197 10424750
90897 10414950
91296 10469800
91099 10449750
91797 10489900
91499 10394750
91197 10444900
91499 10454900
91497 10384950
91198 10479900
92397 10429900
91199 10394900
91599 10459750
90797 10444850
90697 10469800
91300 10399700
92400 10459750
91900 10429900
91500 10474900
91500 10429900
91498 10494750
91696 10444850
91097 10449900
91397 10479800
90899 10429800
91199 10434750
92098 10479950
90399 10469950
91900 10429850
90896 10424950
91897 10449800
90799 10459900
91497 10474950
90298 10469950
91597 10434800
90500 10434900
90198 10469750
90696 10444800
91398 10444900
93500 10369800
92099 10384850
91897 10429750
91097 10364800
91598 10409900
90697 10409900
90496 10409700
91097 10464950
91201 10449900
91397 10439800
90998 10459850
90996 10354650
91997 10444900
90198 10479800
90699 10424800
91600 10424900
92001 10459750
90699 10439850
91099 10464800
90798 10459950
92297 10394850
91299 10454750
91801 10419900
92000 10424950
91697 10464950
91497 10464900
90700 10429750
90699 10459800
91296 10379700
91399 10459800
91198 10394700
91198 10469900
90498 10424950
90197 10419800
91200 10419850
90398 10374750
90296 10454750
90597 10474900
90598 10474950
91999 10429750
91400 10409800
92098 10444950
91399 10389800
91097 10454800
91299 10464950
91499 10459850
91399 10469750
90400 10464750
91296 10409850
90997 10409850
92501 10494750
90500 10464800
90897 10429800
92397 10474750
92397 10454900
90998 10449950
92398 10484800
90499 10459800
91899 10359750
90996 10444850
91499 10414800
92198 10494800
91299 10459900
91199 10374700
91399 10394750
91398 10409950
90997 10474850
90599 10484800
90897 10469850
91498 10399750
91100 10449850
91501 10449750
90899 10409900
91097 10404850
90398 10434800
92002 10374650
91396 10389700
90599 10439750
90600 10484750
92101 10454850
90896 10464950
90996 10464900
90697 10419750
90897 10474750
92401 10399900
90798 10424800
90596 10439950
91496 10479950
90698 10414900
90797 10479750
91499 10384800
91300 10469800
90897 10354800
91198 10359800
90299 10474800
91000 10459950
91997 10454950
90498 10474800
90899 10484800
92700 10344950
91098 10449850
90500 10419800
92502 10464950
91797 10489900
91301 10354850
90700 10484900
91099 10439750
91096 10434700
92198 10414750
90097 10459900
90398 10409850
91298 10404850
93399 10419800
91200 10479800
91199 10439900
90798 10394900
90897 10404900
90496 10424950
91698 10469950
90797 10429950
93099 10439900
90598 10409950
90996 10379800
91101 10494950
90896 10429950
90799 10449950
90896 10439700
90596 10449950
92097 10484900
90996 10454750
91699 10404850
91199 10444950
90200 10424950
91698 10424750
91700 10424900
91996 10474950
91300 10429850
90800 10479900
92200 10369900
90499 10454750
91697 10429800
90897 10429950
91000 10444800
91798 10384900
91801 10399850
90899 10409750
90596 10439850
90500 10489800
92199 10484800
91798 10374850
90599 10454800
90697 10424850
91496 10439900
91200 10404800
91796 10364700
91596 10399900
91499 10439900
91098 10364850
91500 10384950
90498 10409950
92099 10419950
90600 10424950
91596 10429750
90198 10444750
90400 10479750
91799 10444750
90397 10484850
90598 10444950
92097 10399850
90296 10459850
90200 10444750
91498 10439800
91397 10384700
92200 10389800
92197 10439850
91396 10459850
91898 10429950
91298 10414900
90298 10454900
91199 10424900
91398 10374650
91701 10429800
91399 10414800
91300 10469750
90999 10394900
91098 10459950
91399 10469750
91699 10439900
90199 10464850
90600 10384750
90596 10379850
90798 10434800
91397 10424800
90797 10354750
90496 10454750
90996 10439750
90598 10469800
90798 10394750
91399 10384750
90198 10494750
90597 10439750
92098 10424950
90698 10429900
90596 10484750
90998 10394700
90900 10464850
90997 10429900
91300 10469950
90196 10444900
92100 10414700
92499 10454900
90798 10394800
90600 10424950
90796 10449950
90600 10464800
90897 10464750
92300 10429900
90696 10454950
90900 10429900
92296 10369850
91496 10419800
91600 10484950
91697 10359850
92296 10434900
91597 10454800
91397 10464900
91497 10414900
91501 10399800
92099 10439850
91598 10409850
91597 10424850
90499 10399900
91297 10459950
90597 10469900
91199 10479750
92001 10389950
91300 10409850
91397 10364800
92197 10414850
90199 10464850
90600 10454950
90898 10454850
91700 10454800
90098 10379850
92097 10414900
92700 10429700
91499 10484800
91296 10449800
91597 10374900
90200 10449950
91100 10429850
90600 10369750
92096 10399800
90900 10439750
91798 10469850
91998 10424700
91498 10494900
90700 10389750
91796 10449900
90600 10449800
90700 10394750
90800 10414850
90496 10429850
90297 10459900
91398 10449750
90697 10459800
90498 10369850
91200 10469800
90399 10399850
90900 10399800
90598 10419850
91497 10454950
92697 10444750
91196 10459950
90297 10464900
90696 10429950
91799 10409900
90899 10469900
90698 10489750
91100 10464950
90498 10484750
91800 10439800
91196 10464800
92499 10409950
90996 10384950
91100 10459900
91097 10384850
90599 10419850
91900 10409900
92400 10474750
91298 10414900
90596 10474900
90699 10444950
90897 10474900
90498 10409700
90397 10469900
90697 10459950
92101 10474900
92002 10409950
90596 10429850
91900 10454950
90896 10444850
91298 10454950
90696 10469850
92100 10424800
90497 10424750
90699 10434750
90799 10434800
91498 10444900
93201 10449750
91200 10374800
91897 10444750
92199 10429750
90696 10459900
90698 10454800
91200 10404950
91498 10439800
91398 10469950
91596 10449900
90396 10424800
90698 10409950
91696 10404750
90999 10474950
90996 10464900
90296 10434800
90398 10474750
90399 10464950
91196 10469800
91201 10439900
91696 10429900
91099 10394800
92699 10444900
91097 10494850
90396 10429950
91597 10489800
90396 10484750
91596 10464950
91599 10419850
92000 10414800
91597 10474850
90497 10464800
91298 10449950
91897 10444900
90496 10489750
90797 10459950
90798 10444750
91797 10424700
91098 10444750
90598 10469900
90296 10474950
93196 10459950
91701 10444750
92002 10419950
92299 10479950
90500 10484950
90798 10439800
90197 10374850
91198 10414850
90800 10434900
91098 10389750
91500 10449950
91498 10449850
91701 10469900
91199 10434900
90096 10464950
91897 10489900
90300 10454950
91100 10434900
90299 10464900
90700 10409850
91297 10459750
90696 10409850
92501 10374750
90799 10454900
90600 10409850
90699 10404850
91599 10444850
91299 10454800
93001 10464900
91198 10434800
92099 10489750
91697 10389900
91197 10434700
92301 10449800
91000 10469750
90696 10424950
90797 10449750
91599 10454950
91197 10444850
91000 10464800
90296 10459900
90999 10464800
90699 10449800
91998 10454850
90298 10449900
91297 10434850
92197 10409850
91800 10399700
90696 10454750
91800 10449750
91100 10414800
92201 10424900
91300 10389800
90999 10459950
90699 10444900
92201 10414750
93298 10454800
90098 10424950
90699 10424900
91297 10479850
91100 10409750
90896 10424900
91497 10489850
90498 10464850
91100 10419750
91997 10424850
91499 10429850
90099 10489950
91699 10459900
90200 10439800
90698 10474900
91601 10454950
92497 10469750
91197 10469850
91199 10399850
90396 10419950
91898 10429850
91398 10384800
90998 10464750
90299 10444950
92300 10444950
91098 10394950
90797 10404850
90799 10489750
90399 10429900
92200 10459800
90596 10359950
91997 10464750
91297 10394900
91797 10444850
91097 10429750
91400 10484850
90997 10429750
91200 10489850
92197 10434850
91096 10394850
91897 10434750
90299 10454900
91800 10469950
90097 10394850
90897 10414800
91199 10479850
91096 10444950
90098 10434800
90996 10404850
91600 10469950
90799 10459750
90796 10479850
92300 10464850
92398 10419750
91200 10429900
90500 10439850
90199 10339650
91400 10354900
90899 10429750
90998 10404900
91597 10394800
90997 10434750
91499 10444750
91497 10404900
91497 10444950
91501 10474950
91000 10389700
91197 10434800
91199 10474750
90999 10489800
90800 10449900
91097 10444850
90696 10424800
90799 10334900
