9 999999
21 999988
6 999998
12 999996
12 999967
2 1000000
1 999998
11 999998
8 1000000
6 999969
43 999996
4 999995
1 999985
22 999977
11 999999
31 999977
26 999993
14 1000000
4 999999
27 999998
22 999971
13 999996
11 999992
13 999995
3 999958
12 1000000
4 999997
10 999999
12 999994
20 999992
9 999992
18 999989
6 999993
9 1000000
4 999985
11 999987
2 999998
5 999988
8 999993
7 999997
9 999993
5 1000000
6 999991
1 999998
3 999999
8 999997
11 999994
9 999989
26 999981
6 999986
10 999982
1 999996
10 999991
1 999992
8 999983
4 999999
3 999990
12 999994
27 999999
5 999999
4 999965
3 999997
8 1000000
6 999994
7 1000000
46 999993
1 1000000
13 999962
6 999991
2 999984
7 999987
17 999989
3 999999
1 999999
6 999971
17 999993
1 999995
3 999972
19 999998
11 999979
17 999994
1 999983
44 999999
6 999990
11 999998
7 999984
2 999974
13 999970
19 999983
2 999991
5 999987
15 999997
11 999994
15 999985
10 999972
1 999983
1 999998
44 999971
13 999992
22 1000000
5 1000000
15 999988
1 999976
5 999996
6 999988
6 999998
6 999981
1 999984
10 999994
21 999970
8 999999
10 1000000
4 999990
4 999976
11 999993
13 999997
5 999997
15 999999
3 999994
6 999974
34 999997
6 999973
31 999998
15 1000000
7 999997
5 999972
2 999988
14 999999
14 999989
26 999964
2 999974
2 999993
8 999996
12 999989
2 999999
9 999988
16 999997
7 999986
4 999997
7 999996
9 999998
2 1000000
6 999996
10 999990
23 999988
7 999978
44 999991
18 999987
6 999995
7 999991
18 999998
24 999999
2 999998
1 999985
7 999998
26 999971
17 999973
5 1000000
24 999998
8 999991
7 999990
1 999992
7 999998
8 999991
11 999997
8 999983
14 999998
13 999995
16 999999
9 999988
9 999996
3 999996
21 999977
3 999999
5 999988
6 999998
26 1000000
1 999956
1 999960
28 999999
4 999999
2 999989
19 999996
13 999998
30 999990
5 1000000
2 1000000
14 999997
17 999975
18 999985
11 999988
9 1000000
9 999991
3 1000000
14 999989
5 999988
1 999996
18 999992
16 999971
25 999995
25 999986
4 999973
5 999999
6 999998
16 999997
15 999998
13 999992
9 999993
1 999960
25 999998
11 999993
4 999987
13 999995
17 999992
15 999998
14 999991
1 999995
15 999997
3 999976
2 1000000
1 999991
7 999986
1 1000000
12 999991
19 999997
1 999980
20 999992
3 999984
7 999978
2 999936
21 999992
5 999997
12 999994
2 999970
3 999996
3 999989
4 999984
1 999969
6 999999
4 999992
3 999999
13 999992
3 999995
12 999999
28 999999
30 999999
2 999998
1 999983
1 999973
21 999995
2 999997
5 999990
37 999994
14 999996
18 999985
11 999991
9 999994
13 999982
13 999998
26 1000000
1 999988
8 999999
5 999999
12 1000000
10 999999
25 999998
9 999994
18 999992
10 999984
1 999999
1 999989
6 1000000
6 999958
8 999992
1 999988
1 999992
3 999996
5 999985
12 999991
1 999959
9 999994
9 999999
10 999960
8 999997
6 999996
11 999990
8 999986
3 999995
13 999999
9 999973
11 999992
31 999983
1 999985
7 999975
5 999999
14 999998
27 999993
32 1000000
3 999998
14 999981
3 999999
22 999999
1 1000000
9 1000000
8 999986
1 999996
15 999990
25 999999
11 999999
17 999986
17 999996
1 999992
28 999976
7 999978
19 1000000
2 1000000
5 999971
23 999993
10 999971
7 999994
15 999974
3 999992
5 999997
8 999986
5 999976
8 999976
16 999965
6 999998
6 999994
9 999981
41 999988
10 1000000
41 999974
8 999960
5 999998
10 999966
11 999977
14 1000000
21 999998
2 999999
5 999991
9 1000000
6 999999
11 999972
12 999999
2 999977
1 999996
4 999997
15 999993
2 999990
11 999996
7 999987
1 999998
6 1000000
4 999997
7 999989
1 999995
2 999992
4 999994
10 999989
2 999979
4 999986
22 999979
1 999985
11 999998
27 999998
12 999986
26 999988
6 999996
11 1000000
33 999980
12 999958
25 999999
1 999992
8 1000000
3 999985
10 999997
26 999983
3 999975
2 999980
2 999977
6 999984
65 999994
6 999999
4 999983
43 999972
2 999994
11 999995
18 999955
14 999987
14 1000000
3 999984
15 999987
2 999965
32 999982
27 999999
13 999988
17 999992
11 999985
9 999992
1 1000000
6 999990
21 999999
14 999993
7 999977
36 999978
28 999997
2 999992
10 999997
13 999994
13 999998
20 999995
29 999995
6 999995
2 999991
3 999944
2 999999
3 1000000
3 999984
2 999982
6 999997
11 999987
4 1000000
21 999960
4 999989
1 999988
17 999996
5 999999
8 999993
35 999995
7 999960
7 999995
9 999987
13 999998
18 999993
2 1000000
2 999967
18 999986
18 999993
2 999999
2 999968
42 999992
14 999992
3 999992
1 999976
9 999983
11 999993
33 999991
13 999986
1 999998
3 999980
20 999999
33 999996
5 999993
9 999998
9 999987
30 999989
2 999987
4 999997
12 999998
5 999988
5 999994
4 999999
19 999997
6 999998
7 999919
32 999994
5 999997
10 999996
20 999993
9 999989
5 999985
1 999998
16 1000000
12 999986
10 999999
21 1000000
18 999993
21 999984
20 999963
22 999998
8 999986
1 999996
42 999979
55 999995
10 999997
7 999993
4 999990
14 999994
2 999965
12 999964
3 999997
3 999996
7 999984
18 999998
15 999998
19 999997
45 999992
11 1000000
19 1000000
72 999993
1 999999
1 999998
22 999993
33 999993
1 999998
9 999985
18 999989
42 999986
2 999987
6 999995
1 999999
15 999998
3 999969
34 999991
6 999996
4 999994
2 999995
8 999998
4 999979
1 999993
2 999995
11 1000000
9 999983
3 999996
10 999999
15 999982
2 999993
3 999982
2 999954
22 999999
10 999997
8 999997
6 999998
10 999992
7 1000000
4 999991
22 999994
14 999998
20 999979
14 999998
1 999987
22 999994
41 999996
21 999997
24 999999
6 999962
4 999983
12 999984
2 999991
6 999999
9 999989
7 999988
2 999999
3 999990
4 999990
6 999996
9 999985
1 999988
11 999971
21 999994
8 999991
1 999985
13 999999
16 999981
29 999995
10 999994
5 999996
4 999982
6 999991
8 999991
4 999998
12 999992
5 1000000
4 999993
10 999998
46 999993
7 999979
1 999999
53 999992
5 999977
2 999997
3 999994
16 999980
8 1000000
26 999997
2 999964
8 999991
7 1000000
20 999996
14 999999
8 1000000
33 999998
47 999976
29 999988
16 999983
4 999988
12 999975
15 999996
4 999995
9 999999
4 999997
15 999994
27 1000000
5 999993
13 999996
6 999995
9 999999
22 999998
3 999995
13 999995
3 999991
6 999999
1 1000000
3 999964
12 999997
19 999982
7 999971
11 999994
4 999998
10 999981
5 1000000
15 999991
11 999980
6 999989
1 999982
6 999983
20 999994
5 1000000
23 999997
8 999993
21 999996
2 999997
7 999993
6 999992
1 999952
1 999980
18 999995
10 999998
20 1000000
11 999973
2 999999
11 999999
1 999976
5 999991
13 999979
12 999987
1 999989
5 999992
5 999980
1 999990
1 999990
2 999999
17 999974
2 999998
8 999986
2 999993
13 999996
9 999996
14 999995
3 999981
5 999985
8 999976
2 999994
14 999991
13 999986
5 999995
5 999994
2 999982
3 999990
20 1000000
3 999997
3 1000000
1 999998
3 999968
1 999998
16 999973
21 1000000
4 999992
5 999990
1 1000000
15 999978
8 999988
13 999973
3 999985
12 999987
5 999997
21 999990
12 999998
9 999993
30 1000000
7 999993
6 999990
24 999989
5 999993
3 999995
1 999998
8 1000000
2 999999
3 999997
4 999993
23 999987
30 1000000
4 999961
3 999977
2 999938
44 1000000
5 999998
10 999990
3 999993
22 999995
2 999999
18 999999
9 1000000
9 1000000
11 999948
4 999978
8 999983
4 999997
12 999990
7 999986
13 999994
1 999999
6 999999
7 999991
9 999982
6 999982
21 999995
11 999999
13 999996
37 999980
3 999988
1 999992
1 999990
7 999998
14 999991
5 999981
5 999991
5 999975
2 999993
12 999992
5 1000000
5 999995
5 999985
3 999999
6 999997
25 999981
4 999984
5 999995
2 999995
3 999991
9 999980
31 999986
21 999978
41 1000000
16 999992
14 999992
9 999999
11 999994
2 999994
3 999981
27 1000000
13 999983
5 999988
18 999992
5 999995
6 999999
3 999998
13 1000000
2 1000000
7 999987
5 999995
6 999988
7 999997
21 999974
8 999985
4 999986
8 999989
12 999995
7 999996
11 999993
10 999991
3 999970
8 999993
8 999994
11 1000000
22 999997
2 999998
13 999989
1 999998
22 999985
16 999996
24 999994
15 999995
17 999990
1 999998
15 999995
2 999994
3 999971
4 999995
25 999999
2 999988
2 999965
21 999987
8 999996
3 999987
12 999995
5 999981
2 999995
13 999999
2 1000000
21 999986
11 999985
4 999988
19 999978
5 999999
15 999994
3 1000000
13 999989
9 999997
23 999990
12 999999
37 999995
7 999996
6 999984
7 999990
14 999951
8 999987
3 999993
7 999993
27 999998
8 999997
2 999991
1 999980
3 999999
6 999994
10 999996
2 999996
19 999993
3 999982
26 999993
7 999988
12 999997
18 999997
6 1000000
1 999993
8 999999
3 999966
1 999979
7 999951
7 1000000
1 1000000
2 999989
9 999975
26 999999
5 1000000
13 999999
5 999989
9 999994
5 999993
1 999998
10 999989
20 999993
4 999996
7 999992
5 1000000
7 999994
2 999986
11 1000000
12 999979
23 999942
9 999994
7 999990
5 999993
4 999999
14 999994
8 999995
3 999968
1 999995
18 999998
4 999975
8 999996
1 999999
4 999981
5 999984
7 999996
7 999986
34 1000000
7 999993
1 999988
7 999986
3 1000000
5 999994
22 1000000
4 999995
4 999995
1 999996
34 999991
6 999978
4 999993
3 999998
25 999999
21 999998
11 999970
5 999984
14 999997
5 1000000
4 999996
7 999962
1 999998
3 999989
23 999998
30 999998
20 999997
10 999976
12 999988
12 999995
5 999983
1 999985
10 1000000
3 999998
1 999997
5 999996
1 999989
7 999997
6 999993
1 999996
8 999979
6 999997
3 999977
26 999994
3 999974
9 1000000
7 999975
10 999995
5 999989
5 999997
17 999994
6 999995
22 999994
48 999980
37 999999
7 999973
23 999999
3 999996
13 999978
18 1000000
8 999985
6 999999
3 999998
1 999994
6 999997
2 999998
3 999985
16 999999
11 999992
6 999990
2 1000000
14 1000000
4 999999
15 999958
2 999988
6 999990
11 999968
13 999976
7 999981
1 1000000
13 999989
21 999984
20 999969
26 999994
17 999997
6 999999
11 999968
3 999988
7 999995
5 999974
4 999997
3 1000000
13 999993
13 999994
4 999995
6 999993
7 999996
7 999986
2 999987
14 999995
34 999982
16 999998
3 999985
2 999993
16 1000000
3 999983
2 999995
22 999999
10 999994
24 1000000
11 999991
8 999992
7 999983
3 1000000
23 999995
2 999993
11 999996
4 999979
8 999998
8 999997
14 999999
7 999976
4 999965
2 999999
2 999981
1 999993
9 1000000
8 999995
4 999999
3 999993
4 999988
13 999994
6 999993
4 999971
19 999990
6 999998
15 999995
29 999990
3 999995
3 999993
1 999992
5 999990
10 999996
1 999986
10 999996
9 999995
16 999987
17 999991
10 999999
10 999994
4 999999
28 999985
1 999995
7 1000000
1 1000000
5 999994
1 999999
16 1000000
9 999994
2 999995
1 1000000
0 600038145
8 999987
21 999988
1 999993
10 1000000
4 999993
2 999972
8 999987
2 999991
6 999979
48 999991
7 999993
11 999997
19 999958
5 999997
4 999993
9 999994
8 999997
4 999989
19 999986
11 999981
5 999996
2 999997
22 999994
2 999999
3 999974
3 1000000
11 999998
3 999993
4 999999
6 999990
1 999988
3 1000000
2 999995
4 999997
2 999997
8 999997
30 999998
9 1000000
3 1000000
6 999997
3 1000000
14 999980
11 999993
15 999993
4 999998
2 999992
10 999939
1 1000000
11 999996
25 999979
6 999992
36 999993
3 999981
3 999987
28 999996
5 999995
13 999998
12 999979
1 999995
3 999999
13 999996
6 999997
17 999980
7 999974
5 999993
6 999992
1 999991
1 999997
2 999989
10 999983
14 999994
2 999995
45 999998
13 999992
3 999983
22 999997
3 999988
2 999991
2 999996
47 999991
13 999999
12 999999
7 999969
8 999993
5 999998
33 1000000
2 999984
3 999993
4 999996
2 999997
5 999972
23 999997
11 999997
20 999998
12 999999
23 999991
6 1000000
3 999993
2 999996
28 999999
18 999988
12 999981
2 999998
3 999998
4 999973
18 999994
10 1000000
14 999993
7 999959
32 999969
4 999993
9 999951
3 999999
6 999997
15 999994
14 999973
1 999999
7 999958
16 999992
17 999988
2 999998
13 999992
1 999993
13 999991
24 999998
22 999988
4 1000000
16 999996
5 999983
1 1000000
3 999995
3 999984
2 999982
5 999992
2 999998
6 999995
2 999996
8 999910
12 999999
2 999996
48 999946
13 999989
10 999996
7 999994
1 999989
6 999987
5 1000000
11 999978
4 999997
1 999988
6 999999
2 999982
10 999996
18 999982
7 999992
5 1000000
3 999999
1 999998
29 999997
6 999992
5 999991
3 999997
15 999993
5 999977
2 999999
16 999989
11 1000000
2 999999
1 1000000
6 999975
16 999983
54 999995
25 999993
26 999977
20 1000000
35 999991
22 999976
11 1000000
1 999996
32 999993
11 999997
15 999999
5 999999
11 999993
13 999991
19 999987
7 999984
2 999982
28 999997
3 999997
2 999998
3 999996
20 999997
2 999998
17 999984
22 999997
7 999993
7 999989
2 999986
39 999981
10 999976
11 1000000
1 999988
1 999960
7 1000000
16 999998
13 999992
11 999991
42 999997
1 999991
24 999990
19 999984
5 999969
5 999970
15 999987
1 1000000
5 999997
3 999980
2 999961
22 999998
12 999995
5 999998
9 999996
5 999999
19 999991
1 999985
8 999995
27 999998
12 1000000
12 999988
6 999985
2 999996
4 999972
8 999999
7 999999
2 999984
4 999980
3 999995
12 999977
4 999988
8 999990
15 999996
17 999987
2 999960
12 999988
11 999999
3 999997
19 999999
1 999989
3 999999
10 999979
11 999993
31 999997
3 999971
3 999991
10 999962
8 999988
11 999981
31 999984
21 999994
53 999977
8 999987
6 999968
31 999998
8 999991
9 999994
17 999986
14 999998
7 999988
2 999972
7 999997
5 999979
3 999999
15 999981
7 999993
7 999992
2 999998
7 999981
7 999991
16 999993
7 999995
3 999992
31 999997
4 999986
10 999994
6 999996
16 1000000
18 999966
3 1000000
1 999992
34 999987
1 999990
27 999985
17 1000000
6 999948
6 999998
53 999996
34 999999
26 999961
3 999988
9 999996
5 999997
17 999984
9 999997
6 999999
13 999998
5 999993
6 999981
9 999999
2 1000000
6 999994
5 999969
2 999979
1 999981
7 999991
8 999992
4 999982
4 999997
2 1000000
2 999996
2 999997
17 999995
13 999990
1 999975
8 999990
1 999998
20 999977
6 999973
10 1000000
11 999990
10 999995
2 999997
8 999989
15 999985
6 999969
7 999996
11 999987
10 999999
14 999995
5 999987
2 999989
3 999996
9 999998
6 1000000
1 999999
2 999981
7 999997
4 999985
4 999996
7 999984
8 999990
11 999996
28 999987
14 999997
1 999995
4 999998
9 999997
2 999975
1 999986
14 999998
5 999998
8 999996
3 999992
23 999996
3 999984
2 999999
9 999998
3 999983
16 1000000
12 999980
29 999955
6 999982
3 999998
2 999998
11 999995
10 999996
5 999981
2 999997
1 999994
11 999986
16 999996
8 999988
11 999983
5 999984
4 999996
12 999993
10 999997
6 999992
9 999988
2 999999
5 999996
38 999997
18 999995
5 999994
9 999989
6 1000000
37 999982
1 999998
8 999997
1 999999
2 999999
4 999995
2 999990
13 999979
6 999998
21 999999
25 999999
23 999971
16 999999
2 999999
30 999999
13 999996
39 999994
3 1000000
3 999947
2 999983
31 999984
2 999998
13 999993
37 999997
3 999992
6 999966
5 999997
11 999992
13 999994
6 999996
38 999991
4 999997
8 999990
4 999978
8 999996
25 1000000
23 1000000
2 999989
17 999991
6 999997
17 999999
25 999999
9 999998
6 999991
2 999991
17 999982
1 999990
20 999993
30 999995
5 999999
1 999996
3 999956
7 999980
11 999996
1 999994
8 999978
18 1000000
17 999982
1 999994
8 999994
7 999991
6 999994
11 999995
14 999998
7 999998
10 999992
14 999999
3 999979
29 999997
2 1000000
10 999996
24 999995
10 999977
4 999995
22 999996
19 999995
13 999973
10 999992
23 999994
2 1000000
4 999999
10 999994
12 999997
11 999982
4 999985
3 999956
7 999996
7 999986
3 1000000
1 999973
19 999950
6 999978
8 1000000
9 999996
12 999992
7 999965
2 999981
10 999986
22 999992
9 999999
6 999992
3 999999
45 999991
54 999997
12 999967
13 999995
1 999982
17 999998
4 999999
6 999998
13 999996
3 999997
24 999995
8 999997
5 999999
12 999994
7 999999
11 1000000
1 999986
1 999978
8 999999
15 999988
3 999990
12 999996
9 999986
4 1000000
6 1000000
4 999988
8 999993
6 999999
3 999987
6 999993
6 999994
9 999995
3 999993
4 999994
1 999997
8 999963
44 999987
9 999968
4 999968
9 999950
2 999998
25 999998
31 1000000
1 999995
16 1000000
26 999993
2 999988
59 999991
15 999999
14 999999
3 999999
6 999983
1 999998
28 999993
4 999990
9 999999
41 999999
8 999993
10 999988
13 999998
12 999981
17 999982
1 999991
3 999977
29 999982
7 999993
15 999999
6 999994
35 999987
8 999984
22 999993
3 999998
1 999989
2 999998
6 999999
9 999997
1 999995
11 999985
1 999994
20 1000000
6 999997
2 999975
6 999997
18 999995
5 999997
7 1000000
25 999995
3 999996
8 999997
3 999996
6 999992
18 1000000
11 999993
14 999990
23 999992
4 999987
13 999989
10 999987
6 999996
6 999988
1 1000000
6 999997
16 999985
3 999994
9 999971
18 999995
14 999948
31 1000000
2 999995
2 999999
28 999999
4 999994
20 999999
10 1000000
2 999988
2 999978
2 999996
4 999999
6 999996
7 999983
5 999976
3 999994
13 999995
11 1000000
15 999997
14 999995
4 1000000
1 999992
10 999994
3 999988
8 999997
17 999999
20 999998
3 999983
10 999995
3 999982
1 999994
16 999998
4 999983
8 999990
9 999978
1 999990
2 999999
8 999998
11 999994
8 999978
11 999995
1 999989
42 999995
4 999992
12 999980
9 999983
9 999997
5 999979
6 999997
1 999999
3 999986
6 999991
3 999998
6 999974
7 999979
2 999983
3 999980
34 1000000
14 999998
14 999994
32 999995
1 999989
4 999993
13 999988
1 999995
16 999981
3 999978
2 999976
4 999997
12 999999
28 999997
18 999984
7 999995
15 999993
3 999990
36 999999
5 999997
3 999998
16 999997
9 999991
11 999987
13 999986
16 1000000
2 999975
11 999975
3 999992
6 1000000
23 999985
9 999998
54 999991
1 999992
5 1000000
1 999998
24 1000000
3 999964
6 999992
7 999987
1 999999
4 999993
3 999979
5 999996
3 999998
6 999993
6 1000000
2 999982
6 1000000
11 999999
23 999991
26 999994
3 1000000
17 1000000
7 999992
3 999979
8 999994
37 999997
26 999985
3 1000000
9 999991
2 999986
3 1000000
17 1000000
4 999997
25 999979
12 999974
2 999994
18 999990
8 999996
10 999986
4 999988
4 1000000
1 999985
6 999989
24 999969
2 1000000
6 999992
6 999990
2 999983
9 999988
28 999993
9 999993
15 999995
38 999981
7 999983
3 999975
2 999992
2 999996
5 999981
6 999992
14 999993
23 999994
37 1000000
5 999992
7 999987
7 999996
1 999994
8 999993
29 999992
5 999993
17 999985
11 999998
1 999990
3 999993
2 999995
2 999989
2 999997
23 1000000
15 999992
8 999996
1 999990
1 999997
19 1000000
6 999999
3 999995
5 999985
25 999998
1 999983
6 999995
7 999991
13 999989
19 1000000
9 999996
1 1000000
20 1000000
2 999991
17 999997
11 1000000
13 999994
4 999995
4 999988
3 999996
1 999998
3 999994
1 999960
15 999986
3 999999
30 999998
20 999989
6 1000000
24 999989
9 999982
4 999994
1 999996
56 999990
16 999974
24 1000000
8 999973
15 999994
5 999975
13 999992
27 999993
4 1000000
31 999991
5 999996
7 999985
5 999997
19 999993
27 999986
1 999987
17 1000000
7 999991
13 999997
16 999988
16 999965
4 1000000
12 999998
2 1000000
14 999998
1 1000000
1 999997
3 999991
7 1000000
10 999999
25 999989
18 999990
6 999994
8 999999
14 999990
10 999976
14 999944
1 999986
15 999996
10 999975
20 999993
4 999998
8 999993
4 999991
10 999997
1 999993
7 999998
5 1000000
5 999950
13 999986
2 1000000
16 999949
23 999999
17 999998
4 999978
5 999997
14 1000000
3 999997
14 999986
39 999999
20 999998
4 999984
4 999999
8 999996
4 999992
10 999991
7 999988
2 999997
5 999982
8 999990
25 1000000
12 999988
3 999995
16 999992
3 999989
24 999988
6 999997
4 999996
4 999999
11 1000000
9 999987
3 999949
31 1000000
1 999996
2 999999
10 999996
8 999999
1 999987
3 999988
14 999991
8 999980
1 999979
6 1000000
10 999983
13 999985
16 999978
1 999990
10 999995
11 999992
7 1000000
6 999974
6 999991
1 999999
11 999995
17 999999
3 999996
3 999998
3 999968
8 999999
10 999994
5 999983
2 999998
1 999998
25 999975
4 999968
26 999997
37 999996
3 999994
2 999978
1 999995
23 999973
23 999995
10 999991
3 999996
11 999966
7 999986
13 999991
16 999987
73 999996
8 999997
5 999992
6 999999
15 999981
4 999986
12 999999
6 999997
6 999994
5 999979
28 1000000
4 999976
1 999999
10 999972
17 1000000
7 999996
33 999996
1 999997
12 999999
3 1000000
5 999985
2 999996
15 999991
7 999999
5 999990
17 999996
4 999999
23 999996
12 999998
8 999983
13 999977
9 999974
3 999998
9 999998
16 999995
14 1000000
2 999989
6 999982
3 999993
3 999995
20 999995
12 999977
4 999989
4 999985
5 999988
4 1000000
26 1000000
7 999996
7 999997
22 999995
5 999994
5 999992
19 999996
7 999980
13 999994
2 999998
5 999995
5 999990
6 999999
2 1000000
33 999980
1 999998
4 999998
10 999986
2 999983
14 999985
28 1000000
2 999999
7 999999
23 999992
8 999989
15 999999
26 1000000
5 999998
2 999999
18 999996
1 1000000
19 1000000
10 999999
10 1000000
17 999998
5 999992
1 999984
1 999989
10 999958
11 999997
3 999996
28 999970
14 999984
14 999979
25 999994
6 999994
19 999998
1 999987
6 999993
3 999969
2 999981
6 1000000
2 999995
3 999958
2 999956
8 999999
2 999996
25 1000000
21 999996
2 999992
11 999979
11 999993
9 999998
17 999995
8 999995
8 999995
1 999995
17 999987
0 600038145
15 999992
36 999988
8 999992
4 999959
16 999993
6 999991
15 999994
2 999999
6 999991
24 999986
6 999996
20 999988
1 999993
11 1000000
1 999998
4 999962
42 999996
46 999991
5 999994
13 999984
12 999998
1 999974
2 1000000
13 1000000
3 1000000
1 999999
3 999994
21 999979
16 999997
7 999991
28 999999
5 999988
15 999995
4 999997
37 999987
6 1000000
7 999990
1 999989
2 999993
3 1000000
9 999987
13 999989
4 999996
14 999998
52 1000000
25 999988
9 1000000
6 999994
5 999977
1 999982
1 999993
36 1000000
1 999989
2 999980
4 999972
2 999993
4 999983
1 999999
7 999993
8 999995
10 999992
1 999991
4 999996
88 1000000
7 999997
33 999989
3 999997
2 999990
8 999976
5 999984
2 999997
6 999994
5 999998
6 999973
15 999995
26 999996
10 999999
13 999992
4 999985
25 999999
17 999976
2 999999
4 999996
1 999999
22 999999
2 999976
3 1000000
13 999994
7 999987
22 999993
27 999998
7 999983
4 999993
5 999977
2 999962
9 999992
11 999989
11 999995
22 999998
2 999998
2 999990
2 999999
14 999998
15 999997
28 999999
1 999997
1 999982
1 999954
22 1000000
10 999996
45 999992
3 999986
34 999985
4 999950
6 999987
19 999990
22 999980
6 999995
15 999998
2 999998
3 999999
12 1000000
3 999985
12 999997
17 999997
18 999971
3 999960
23 999996
47 999999
5 999999
11 999993
13 999989
1 999989
1 1000000
32 999988
15 999976
30 999991
16 999996
5 1000000
8 999993
12 999991
15 999997
1 999987
5 1000000
3 999985
4 999991
4 999992
1 999994
10 1000000
4 999996
3 999993
7 999991
7 999983
7 999993
1 999983
13 999999
1 1000000
12 999969
4 999977
7 999998
2 999997
4 999999
22 999995
32 999999
3 999938
29 999998
20 1000000
43 999937
5 999998
5 999992
20 999987
21 999993
5 999988
19 999998
5 1000000
7 999997
5 999999
7 999994
6 999998
7 999993
47 1000000
11 999986
1 999984
7 999963
7 999983
3 999995
6 1000000
5 999953
3 999992
15 999999
30 999998
24 999967
17 1000000
1 999998
2 1000000
4 999987
23 999971
32 999997
5 1000000
10 999993
7 999997
5 999997
4 999986
18 999995
12 999993
12 999998
1 999974
4 999998
27 999992
3 999981
8 999998
7 1000000
6 999998
22 999997
19 999962
7 999983
10 999988
3 999989
4 999989
15 999978
9 999986
7 1000000
6 999968
1 999999
16 999990
27 1000000
5 999994
7 1000000
1 999973
3 999989
4 999992
22 999992
10 999986
2 999998
3 999999
30 999986
19 999997
3 999999
5 999991
4 1000000
1 999998
9 999989
17 1000000
1 999993
19 999983
4 999986
13 999994
3 999975
40 999998
12 999982
4 999909
6 999993
30 999977
14 999989
18 999995
5 999994
18 999978
1 999992
3 999993
3 999982
6 999991
10 999984
13 1000000
28 999957
6 999996
8 999980
5 999985
4 999995
14 1000000
8 999997
12 999981
4 999986
9 999986
1 1000000
2 999997
3 999998
5 999995
31 999999
25 999998
1 999975
7 999994
38 1000000
4 999998
3 1000000
19 999987
8 999993
1 999982
44 999984
26 999998
10 999975
3 999989
6 999984
19 999993
12 999975
3 999995
1 999989
4 1000000
2 999990
16 999996
8 999991
11 999997
23 999995
13 999994
2 999999
2 999986
37 1000000
11 999981
12 999990
3 1000000
3 999999
43 999983
5 999996
2 999985
22 999986
3 999986
2 999998
7 999990
6 999990
13 999990
1 1000000
1 999993
14 999965
6 999992
2 1000000
43 999980
1 999993
10 999999
49 999984
4 999993
38 999994
7 1000000
2 999999
10 999958
39 999992
17 999999
8 999977
4 999997
4 999997
1 999984
2 999996
9 999981
1 999984
4 999996
11 999985
1 999996
12 999975
11 999997
6 999990
9 999983
9 999992
13 999980
23 999998
29 999982
8 999998
2 999966
5 999985
5 999995
6 999999
5 999993
8 999991
1 999994
8 999994
44 999993
17 1000000
2 1000000
44 999987
26 999985
23 999996
4 999980
13 999986
17 999981
4 999998
6 999984
1 999996
7 999976
20 999988
17 999996
8 999989
11 999987
8 999983
6 999999
15 999997
7 999995
12 999996
6 999993
24 999995
1 999993
2 999996
9 999998
15 999990
1 999988
5 999989
15 999983
12 999996
3 999999
17 999988
3 999990
1 999999
12 999995
15 999984
1 999999
22 999988
11 999996
7 999978
28 999995
4 999999
4 1000000
13 999972
72 999981
7 999990
15 999990
8 999987
10 999994
7 999996
13 999995
11 1000000
9 1000000
6 1000000
15 999991
25 999978
5 999980
19 999992
23 999979
15 999998
3 999991
3 999992
9 999993
14 999999
4 999999
6 999990
1 999988
2 999993
7 999993
11 999997
15 999987
8 999995
29 999997
22 999960
6 999997
2 999999
15 999984
18 999993
14 999994
14 999998
24 999999
1 999978
10 999994
19 999991
35 999966
10 999998
2 999996
17 999997
2 999998
23 999988
4 999991
8 999980
7 1000000
13 999997
28 999980
27 999998
15 999986
7 999988
8 999977
14 999999
19 999982
4 999989
15 1000000
11 999991
5 999980
2 999965
7 999998
4 999997
1 999996
21 1000000
9 999969
1 999987
13 999996
11 999996
8 999999
5 999999
1 999993
5 999997
20 999995
55 999995
4 999999
13 999998
1 999997
10 999985
10 999990
27 999991
3 999992
2 999995
24 1000000
3 999999
1 999983
7 999991
17 999983
5 999994
19 999997
3 999971
1 999995
1 1000000
1 999982
26 999998
3 999995
5 999980
3 999993
10 999989
33 999989
1 999963
18 999985
10 999996
38 999995
6 999999
17 999991
7 999996
14 999997
6 999999
3 999998
14 999994
7 999977
2 999990
17 999995
18 999998
27 999988
5 999997
2 1000000
2 999981
5 999994
3 999999
1 999986
13 1000000
10 999984
16 999983
1 999992
1 1000000
10 999972
2 999997
4 999989
1 999991
4 999976
7 999984
3 999996
15 999991
5 1000000
15 999999
43 999994
4 999969
2 999995
8 999991
8 999994
2 999997
7 1000000
4 999991
15 999995
5 999992
14 999995
16 999991
4 999993
10 999998
23 999984
7 999996
5 999990
5 999977
10 999991
4 999998
1 999999
21 999991
1 999997
29 999992
22 999991
2 999987
15 999988
17 999987
3 999991
1 999995
1 999959
2 999994
2 999994
10 999999
4 999999
20 999998
3 999980
5 999998
18 999995
2 999957
5 999995
2 999998
3 1000000
42 1000000
1 999993
6 999971
2 999992
1 999982
2 999996
1 999999
9 999999
11 999960
2 999982
4 999994
3 999972
8 1000000
5 999986
1 999995
5 999981
10 1000000
1 1000000
2 999994
7 999991
16 1000000
10 999991
43 999953
7 999989
2 999990
30 999950
26 999998
1 999996
52 999999
7 999988
7 999999
5 999988
4 999988
8 999975
10 999987
21 999989
3 999983
19 999999
4 999985
13 999987
2 999999
9 999994
7 999989
4 999993
1 999997
10 999993
5 999992
3 999991
14 999998
6 999999
18 999990
5 999985
1 999975
2 999997
2 999997
2 999996
25 999998
18 999995
4 999952
18 999998
6 999978
1 999999
6 999974
13 1000000
14 1000000
8 999945
1 999989
2 999983
11 999995
7 1000000
20 999979
8 999997
8 999995
8 999993
7 999996
14 999977
12 999993
9 999998
4 999996
1 1000000
4 999988
4 999997
5 999989
6 999996
22 999975
28 999997
2 999997
33 999997
1 999999
3 999980
1 999989
11 999994
3 999994
17 999991
11 999984
3 999982
13 999991
15 999998
9 1000000
6 999993
4 999997
1 999988
4 999990
19 999996
9 999990
18 999998
3 1000000
13 999997
2 999991
4 999994
16 999990
19 1000000
10 999982
7 999989
21 999987
19 1000000
4 999989
16 999989
18 999988
13 1000000
12 999996
12 999973
9 999994
5 999996
6 999999
3 999994
4 999990
20 999989
20 999963
4 999989
5 999981
1 999993
3 999993
6 1000000
6 999999
2 999995
1 1000000
3 999999
12 999975
2 999987
17 999983
11 999997
8 999989
5 999978
9 999985
29 999979
6 1000000
5 999982
5 999997
49 999985
8 999990
1 999989
2 999995
3 999990
9 999988
7 999991
7 999971
6 999999
35 999980
5 999998
7 999987
33 999994
29 999996
6 999988
10 999996
17 999998
6 999993
4 999998
11 999985
1 999997
5 999999
4 999999
4 1000000
12 999992
1 1000000
12 999996
11 999998
11 999993
8 999999
7 999985
11 999999
1 999997
2 999972
1 999985
21 999996
13 999980
6 999994
1 999995
18 999999
5 999971
5 999982
2 1000000
20 1000000
1 999989
45 999984
18 999996
44 999994
13 999996
9 999984
19 999989
8 999996
12 999992
11 1000000
6 999996
10 999983
7 999989
34 999986
17 1000000
5 999999
17 999993
7 999999
13 999997
9 999974
16 999998
12 999999
5 999998
11 999975
14 999997
7 999986
11 999990
10 999995
21 999996
10 999998
20 999982
1 999994
2 999967
17 999987
15 999998
5 999996
2 999998
34 1000000
6 999991
1 999993
26 999998
7 999981
21 999982
6 999998
4 999955
3 999994
1 999990
15 1000000
11 999997
3 1000000
28 999990
22 999981
6 999998
32 1000000
10 999995
14 999995
4 999993
1 999977
11 999988
18 999979
4 999994
14 999998
22 999999
7 999996
37 999984
10 999998
3 1000000
26 1000000
8 999999
26 999999
5 999990
17 999997
7 999962
32 999991
13 999997
12 999955
1 999993
12 999999
9 999975
2 999985
8 1000000
14 999996
34 999996
2 999997
17 1000000
5 999980
12 999997
9 999986
3 999981
16 999986
4 999967
17 999990
3 999996
10 999993
2 999999
4 999999
5 999990
10 999992
25 999998
18 999993
4 1000000
3 999990
10 999997
9 999990
5 999985
10 999998
2 999992
3 999998
8 1000000
9 999996
8 999998
3 999995
6 999975
12 999992
6 999992
4 999995
2 999991
1 999995
4 1000000
2 999990
15 999997
8 999972
12 999982
26 999986
2 999980
9 999999
5 999993
11 999980
1 999994
9 1000000
34 999991
4 999986
9 999983
4 999992
26 999979
12 999976
13 999988
19 1000000
7 999998
7 999996
5 999998
8 999995
1 999968
16 999991
20 999998
7 999992
9 999987
13 999999
9 999998
61 999979
25 999999
2 999987
1 1000000
6 999999
10 999995
1 999994
5 999996
18 999997
20 999979
8 1000000
1 999991
11 999988
13 999994
52 999994
4 999972
1 999999
17 999997
7 999995
10 999987
1 999998
15 999984
2 999991
7 999996
4 999999
6 999974
11 999989
2 999987
30 999992
12 999998
5 999978
29 999991
8 999985
9 999996
9 999995
16 999995
1 999985
2 999998
27 999984
1 999996
6 999987
24 999970
10 999995
3 999995
4 999978
11 999998
6 1000000
2 999959
27 999989
1 999947
23 1000000
8 999996
4 999999
35 999992
3 1000000
6 999992
9 999997
48 999992
18 999979
2 999987
2 999970
13 999947
47 999946
3 999989
2 1000000
9 999995
22 999967
41 999998
13 999981
6 999987
18 999997
3 999988
3 999995
5 999985
4 999998
1 999980
3 999998
42 999997
6 999995
25 999996
2 999989
4 999998
4 999975
7 999985
6 999994
28 999989
9 999981
3 999989
1 1000000
1 999995
24 999993
8 999999
2 999998
3 999990
8 999984
1 999989
5 999992
14 1000000
1 999988
4 999979
21 999994
1 999983
4 999984
33 999986
8 999984
3 999998
4 999997
17 999993
5 999990
8 999997
2 999998
10 999989
7 999989
49 999998
3 999962
3 1000000
0 600038145
17 999994
7 999994
1 999998
10 999991
8 999960
7 1000000
6 999956
16 999986
35 999999
21 1000000
4 1000000
2 999999
1 999990
1 999980
26 999999
7 999997
23 999998
1 999986
26 999990
4 999992
9 999988
12 999983
4 999970
4 999997
7 999993
5 999998
5 999990
1 999989
3 999996
2 999997
7 999997
11 999999
10 999993
5 999997
1 999988
1 999996
2 999979
16 999983
6 1000000
1 999997
4 999986
7 1000000
23 999999
6 999983
6 999988
10 999992
13 999992
10 999995
26 999999
15 999995
4 999998
18 999995
5 999995
15 999996
30 999987
9 999984
6 999999
12 999998
6 999975
4 999981
1 999999
34 999992
13 1000000
9 999986
3 999996
6 999967
25 999993
11 999963
18 999994
9 999998
16 1000000
14 999998
14 999996
9 999993
4 999994
7 999992
10 999994
3 999991
4 999964
6 999997
6 999990
8 1000000
6 999997
4 999998
2 999998
4 999998
5 999992
2 1000000
18 999999
5 999987
2 999997
3 999998
3 999957
4 999983
4 999998
4 999999
14 999999
5 999983
20 999996
26 1000000
30 999998
25 999982
6 999993
7 999984
1 999980
9 999995
29 999992
8 999992
2 1000000
17 999994
7 999995
19 999989
8 999994
3 999995
11 999986
1 999981
7 999973
2 999996
25 999997
31 999981
3 999990
2 999966
4 999997
16 999976
1 999997
15 999981
32 999994
2 1000000
21 999973
1 999988
10 1000000
8 999999
16 1000000
9 999987
4 999999
3 999993
7 999995
2 999984
16 999998
32 999971
13 999998
2 999963
12 999989
6 999993
31 1000000
5 999999
4 999998
6 999997
7 999932
1 999995
10 999997
15 999993
12 999997
11 999998
6 999991
3 999966
9 999981
11 999997
17 999985
4 1000000
2 1000000
14 999994
3 999973
7 999997
44 999986
11 999996
4 999993
6 999996
1 999995
1 999999
2 999999
5 1000000
6 999986
1 999998
7 999999
2 999988
4 999998
10 999998
17 999994
4 999974
4 999990
4 999978
37 999976
19 999997
15 999958
11 999976
20 999983
20 1000000
4 999994
5 999994
20 999990
14 999996
7 999954
12 999986
15 999993
3 999978
3 999998
10 999999
1 999999
10 999999
2 999986
26 999977
5 999996
10 999986
9 1000000
2 999997
2 999994
2 999992
5 999998
15 999986
8 999999
19 999996
1 999979
26 999986
3 999972
3 999997
14 999996
7 999995
12 999996
14 999984
2 999976
12 999994
61 999998
6 999997
2 999995
34 999999
7 999996
15 999985
4 999998
9 1000000
4 1000000
4 999971
4 999996
25 999981
6 999999
4 999997
13 999997
29 999993
4 999978
15 999966
9 999995
6 999976
11 999988
13 999990
3 999988
37 1000000
5 999996
16 999994
4 999998
8 999989
6 999992
24 999979
7 999987
11 999979
6 999999
20 999994
5 999985
4 999993
12 1000000
3 999994
14 1000000
10 999983
1 999989
6 999998
17 999992
2 999990
37 999965
2 1000000
2 999989
9 999983
33 999990
3 999996
15 999990
1 999995
20 999993
2 1000000
17 999957
28 999985
35 999994
27 1000000
9 999985
9 999991
1 999999
26 999991
7 999990
10 999998
78 999983
11 999997
11 999966
2 999992
13 999997
1 999999
3 999998
4 999990
18 999993
1 999992
7 999997
22 999998
4 999999
4 999998
18 1000000
8 999992
50 999995
15 999999
35 999964
6 1000000
2 999980
7 999989
2 999993
18 1000000
4 999989
13 999990
8 999996
1 999997
6 999992
5 999995
11 999982
3 999999
17 999987
17 999981
19 999995
2 999993
10 1000000
21 1000000
17 999998
4 999999
6 999992
9 999999
11 999994
1 999999
3 999988
9 999999
19 999994
10 999999
7 999983
1 999999
8 999989
9 999999
3 999995
5 999981
5 999995
7 999990
6 999990
8 999984
20 999997
4 999996
2 999998
1 1000000
12 999996
7 999970
16 1000000
10 999994
11 999994
1 1000000
13 999999
16 999995
4 999999
4 999986
16 999993
8 999994
1 999997
15 999979
9 999996
4 999973
4 999977
2 999996
7 999982
6 999999
13 999984
27 999998
29 999994
1 1000000
11 999998
10 999986
2 999995
4 999979
6 999994
17 999988
11 999999
1 1000000
36 1000000
3 1000000
8 999995
3 999999
5 999997
21 999987
3 1000000
15 999970
10 999991
5 999998
29 999990
16 999990
3 1000000
8 999998
13 999997
4 999995
16 999995
2 999993
4 999967
1 999999
18 999997
15 999996
7 999998
2 999997
1 999974
7 999995
20 999985
26 1000000
2 999997
2 999999
8 999971
9 999999
29 999995
12 999997
24 999949
1 999985
4 999980
4 1000000
59 999993
12 999991
15 999979
2 999954
17 999997
16 999994
1 999998
4 999983
3 999999
13 999983
1 999996
15 1000000
17 999987
26 999995
15 999996
33 999994
9 999998
6 999994
11 999998
13 999989
8 1000000
8 1000000
18 999996
5 999984
15 1000000
20 999995
13 999994
18 999992
15 999979
8 999986
5 999980
69 999999
9 999997
4 999976
14 999998
2 999948
17 999973
10 999996
36 999998
1 1000000
24 999999
2 999998
3 999996
12 999990
1 999992
9 999979
11 999999
9 999988
1 999946
1 999981
9 999962
2 999993
1 1000000
20 999995
9 999998
2 999993
12 999989
7 1000000
8 999998
4 999995
4 1000000
18 999994
1 999999
8 999975
4 999995
3 999990
7 999993
8 999996
2 999981
14 999993
1 999993
9 999991
9 999999
9 999975
1 999998
3 999979
4 1000000
54 999991
17 999996
9 999985
7 999971
1 999996
16 999997
9 999989
1 999999
3 1000000
29 999984
6 999998
8 999999
1 1000000
28 1000000
8 999995
13 1000000
4 999993
1 999978
1 999998
4 999997
1 999974
5 999998
20 1000000
7 999990
2 999983
22 1000000
23 999947
11 999989
14 999990
1 1000000
13 999974
20 999994
8 999997
5 1000000
14 999996
16 1000000
6 999986
23 999987
6 999997
2 999982
13 999998
9 1000000
1 999994
2 999996
60 999994
2 999994
10 999998
5 999993
1 999991
21 999993
7 999947
18 999992
2 1000000
8 999974
3 999952
39 1000000
4 999993
4 999997
7 999985
10 999994
1 999982
3 999989
13 999995
7 999998
21 999980
14 999988
2 999997
11 999999
10 999986
10 999985
24 999997
8 999999
30 999990
5 999986
6 999980
2 999983
27 999997
2 999997
13 999983
10 999987
4 999982
5 999998
4 999948
19 1000000
10 1000000
6 999986
2 999999
6 999998
1 999997
34 999976
31 999994
9 999994
22 999990
10 999999
1 1000000
10 999993
2 999990
9 999993
11 999999
8 999979
4 999996
1 999998
14 999999
2 999990
3 999983
17 999992
5 999995
63 1000000
5 1000000
33 999999
7 999998
5 999960
6 999995
11 999997
15 999994
3 1000000
6 999989
5 999984
4 999999
8 999990
12 999978
30 999997
19 1000000
8 999987
5 999995
3 999993
15 999985
4 999999
50 999995
10 1000000
2 999990
1 999999
10 1000000
14 999994
2 999991
4 999995
5 999999
10 999998
3 999988
1 999981
5 999990
23 999999
3 999995
15 999968
2 999992
1 1000000
21 999988
4 999994
12 999992
2 999940
10 999999
6 999997
8 999987
38 999948
10 999984
6 999991
5 999989
11 999982
1 999990
2 1000000
24 999993
7 999968
1 999997
17 999998
5 999991
33 999993
2 999995
3 999996
5 999991
1 999991
6 999993
8 999992
2 1000000
20 999996
13 999983
21 999982
4 999993
2 999987
8 999998
3 999991
29 999988
8 999995
37 999988
30 999997
6 999999
6 999999
4 999994
72 999992
3 999998
8 999990
1 999998
3 999993
21 999996
17 1000000
24 999947
4 999997
5 999989
3 999984
1 999987
2 999998
10 1000000
1 999990
2 999999
5 999998
19 999993
17 999987
24 1000000
5 999998
8 999993
1 999998
1 999978
7 999996
8 999994
13 999992
4 999942
3 999996
18 1000000
15 999997
2 1000000
13 999998
9 999988
9 999933
1 999997
35 999996
32 999998
29 1000000
32 999983
1 999993
24 999997
3 999994
19 999994
6 999976
27 999997
12 999968
1 999999
15 1000000
16 999994
3 999977
2 999988
19 999976
5 999965
13 999996
12 999965
8 999996
9 999996
12 999994
11 999987
40 999986
22 999998
9 999995
21 1000000
1 999999
5 999999
26 999995
9 999992
6 999995
10 999996
5 999989
15 999999
12 999999
1 999994
12 1000000
2 999995
1 999983
3 999999
5 999993
4 999995
44 999999
4 999984
15 999991
12 999980
2 999981
8 999998
28 999988
1 999996
20 999999
15 999998
17 999995
2 999999
5 999980
9 999997
38 999994
1 999992
15 999996
13 999984
1 999979
18 999999
18 999995
2 999999
33 999993
1 999988
2 999999
18 999999
10 999998
10 999998
13 999992
3 999999
11 999987
4 1000000
6 1000000
2 999996
1 1000000
2 999971
4 999995
3 999988
12 999999
1 999992
38 999996
7 999997
1 999998
5 999995
5 999987
6 999998
6 1000000
9 999950
19 999993
4 999994
5 999998
3 999991
4 999997
9 999997
12 1000000
3 999997
21 999957
13 999997
10 999997
16 1000000
18 999999
11 1000000
5 999979
17 999993
16 999999
6 999998
3 999994
50 999979
8 999989
4 999966
5 999999
5 999997
10 999990
1 1000000
9 999986
8 999985
3 999996
16 1000000
33 1000000
6 999992
1 999982
25 999982
12 999995
29 999979
3 999985
27 999995
8 999987
2 999980
3 999990
4 999992
3 999998
6 999999
3 999995
9 999995
8 999996
8 999977
9 999979
53 999996
7 999997
4 999998
4 999991
16 999980
26 999992
6 1000000
2 1000000
8 999988
13 999988
20 999983
18 999977
1 999988
16 999986
7 999987
3 1000000
1 1000000
11 999999
1 999996
1 999975
6 999994
13 999990
23 999999
2 999982
7 999990
12 999995
19 999988
6 999987
2 999987
9 999975
3 999991
1 999993
6 999999
5 999998
4 999999
4 999989
1 999995
4 999952
21 999987
22 999995
1 1000000
12 999997
10 999981
5 999991
7 999983
7 999993
3 999991
5 999961
1 999970
8 999991
9 999978
3 999977
25 999989
16 999991
25 999987
1 999983
25 999997
12 1000000
5 999983
2 999995
22 999996
54 999981
18 999995
4 999996
19 999999
47 999995
2 999986
6 999967
2 999983
1 999998
1 999992
7 1000000
11 999991
2 999989
11 999975
5 999999
1 999977
16 999994
13 999972
5 999980
7 1000000
2 999997
5 1000000
2 1000000
42 999995
4 999998
2 999995
7 999963
15 999969
10 999989
22 999996
3 999996
1 999984
1 999996
2 999991
33 999999
1 1000000
9 999992
44 999946
2 999992
14 999992
23 1000000
12 1000000
19 1000000
13 999988
17 999999
42 999997
5 999998
9 999996
9 999966
8 999990
3 999998
5 999997
10 999994
1 999984
5 1000000
8 999982
12 999991
8 999971
31 999994
3 999984
1 1000000
6 999994
2 999991
6 999994
5 999995
10 999998
24 999995
8 1000000
13 999998
30 999991
8 999999
16 999999
2 999996
39 999999
4 999997
2 999994
12 999991
2 999990
1 999995
1 999989
2 999993
14 999999
1 999986
5 999990
5 999993
20 999998
2 1000000
12 999996
5 1000000
5 999998
2 999990
14 999998
39 999999
13 999988
1 999997
5 999986
25 999995
19 999995
14 999992
10 999989
7 999992
20 999977
3 999976
4 999992
13 999996
5 999989
13 1000000
3 999996
14 999986
24 1000000
3 999964
10 999985
18 999990
18 999980
12 999973
35 999981
3 999997
10 999997
18 999986
14 999996
31 999968
2 999999
4 999995
20 999979
7 999995
9 999997
4 999985
12 999995
0 600038145
22 999998
5 999991
14 999994
2 1000000
7 999996
5 999999
14 999999
1 1000000
2 999981
1 999986
16 999999
3 999990
2 999981
13 999994
7 999996
3 999998
18 999985
10 999991
3 999995
21 999985
8 999994
10 999994
7 999993
10 999999
8 999994
3 999986
11 999998
28 999994
9 999998
27 999992
2 999988
8 999990
1 999989
3 999993
7 999992
6 999994
2 999993
8 999969
1 999998
28 999965
11 999998
14 999992
2 999983
20 999992
62 999999
14 999999
14 999975
5 999988
1 999998
12 999998
11 999957
5 999999
3 999998
2 999984
19 999988
1 999993
45 999993
34 999972
37 1000000
9 999998
3 999958
9 999990
3 999986
10 999999
3 999995
10 999984
6 999997
4 999998
16 999992
7 999984
23 999999
15 999974
6 999994
5 999986
16 1000000
17 999992
4 999998
8 999990
6 999997
11 999995
8 999995
21 1000000
3 999990
5 1000000
16 999991
21 999981
10 999999
10 999997
17 999975
1 999987
8 999994
16 999994
16 999997
1 999984
4 999965
2 999979
2 999996
9 999997
2 999960
12 999996
1 999983
2 999969
1 1000000
26 999992
17 999995
2 999992
6 999963
6 999971
14 999987
17 1000000
16 999977
4 999980
11 999998
4 999990
8 1000000
7 999999
11 999997
7 999994
7 999995
11 999975
3 999964
3 999981
7 999998
3 999980
1 999998
1 999962
29 999983
11 999980
6 999991
2 1000000
4 999999
2 999998
21 999972
1 999977
3 999996
13 1000000
14 999999
3 999990
23 999995
12 999989
2 999986
16 999978
1 999999
6 999999
9 999970
18 999971
26 999988
12 1000000
4 999995
16 999980
2 999994
20 999973
24 999980
22 999997
54 999990
7 1000000
3 999993
2 999999
9 999978
5 1000000
11 999995
9 999999
14 999998
4 999992
6 999992
8 1000000
3 999999
11 999980
9 999997
6 999965
8 999992
5 999977
14 999993
6 999989
16 999998
18 999997
1 1000000
2 999985
3 999999
14 999993
28 999978
6 999984
3 999976
11 999994
2 999989
2 1000000
4 999999
3 999979
10 999995
4 999996
3 999996
3 999991
11 999972
2 1000000
6 999996
18 999994
1 999986
3 999989
8 999990
4 999984
2 1000000
3 999990
12 999995
13 999993
2 999985
5 999987
5 999997
24 999995
3 999974
42 999990
1 999998
6 999998
15 999996
4 999972
8 1000000
10 999992
2 999981
28 999987
17 1000000
9 1000000
2 999998
7 1000000
21 999997
3 1000000
33 999994
20 999994
5 999981
7 999996
1 999985
4 999993
7 999990
14 1000000
2 999993
6 999997
23 999986
7 999997
2 999998
7 999987
12 999978
9 999979
9 999990
11 999976
4 999993
5 999986
6 999983
10 999980
1 999989
10 999992
2 999969
1 999988
3 999994
15 999990
6 999993
6 999984
19 999984
5 999996
2 999996
2 999992
27 999996
9 1000000
17 1000000
26 999998
1 999998
7 999994
3 999982
3 999999
6 999995
8 999981
5 999990
12 999992
4 1000000
5 999998
2 999995
2 999966
17 999999
4 999999
37 1000000
2 999998
11 1000000
3 999972
14 999997
21 999999
8 999997
11 999991
8 999996
14 999989
1 999986
17 1000000
12 999992
1 999986
19 1000000
1 999997
20 999988
2 999995
11 999985
5 999995
16 999989
3 999955
9 999987
5 999997
5 1000000
5 999999
4 999998
13 999989
4 999992
6 999978
21 999994
9 999985
24 999995
15 999995
2 999984
32 1000000
2 999997
4 999989
4 999999
10 999985
9 999996
8 999999
8 999989
8 999992
8 999992
3 999998
9 999994
6 999999
4 999960
1 999999
7 999998
8 999997
6 999999
5 999992
8 999984
3 999966
9 999998
7 1000000
3 999999
9 999987
19 999990
2 999965
1 999994
32 1000000
35 999999
1 999941
19 999989
7 999998
19 999995
8 1000000
1 999986
7 999988
9 999995
2 999978
5 999990
6 999994
10 1000000
2 1000000
4 999995
3 999994
13 999975
9 999997
7 999958
13 999997
9 999969
1 999970
14 1000000
8 999999
3 999999
10 999996
15 999988
14 999968
9 999997
16 999999
6 999985
9 999994
7 999996
14 999994
9 999987
10 999993
10 999998
22 999998
5 999988
5 1000000
2 999996
11 999985
8 1000000
13 999994
18 999999
1 999997
20 999996
4 999992
2 999974
27 999993
22 999999
10 999989
18 999996
1 999980
10 999998
4 999995
7 999971
6 999985
3 999989
2 999996
21 999995
16 999975
15 999998
13 999994
20 999950
6 1000000
25 999988
1 999990
1 999999
2 999991
16 999992
3 999995
53 999997
27 999998
7 999995
11 999997
5 999997
8 999999
8 999984
11 999977
4 1000000
7 999992
20 999991
11 1000000
30 999999
5 999985
12 999997
19 999996
18 999974
12 999977
3 999989
3 1000000
6 999986
4 999994
11 999965
12 999988
2 999987
3 999994
5 999994
1 999980
5 999996
12 1000000
5 999999
4 999990
3 999984
6 999995
24 999957
2 999993
10 1000000
5 999989
2 999996
6 999989
2 999987
3 999996
4 999999
11 999997
14 999988
10 1000000
17 999999
13 999991
9 1000000
13 1000000
18 1000000
27 999992
1 999998
2 999994
9 1000000
35 999998
9 999972
9 999998
2 999929
13 999984
6 999993
10 999972
1 999972
1 999977
3 999985
4 999993
23 999988
37 999994
2 999987
9 999982
3 999993
1 999990
3 999995
8 999982
7 999972
5 999978
3 1000000
24 999996
7 999997
5 999980
3 999987
3 999952
5 999997
10 999982
10 999997
14 999994
12 1000000
3 999995
5 999984
3 999998
14 999995
1 999933
6 999997
6 999998
6 999998
32 999999
7 999992
1 999998
6 999998
1 999996
34 999973
3 1000000
2 999977
4 999985
1 999996
21 999996
32 999988
2 999989
11 999999
13 999971
11 999973
47 999999
17 999987
26 1000000
6 999994
5 999994
3 999994
8 999996
20 999990
6 999947
1 999997
2 999995
10 1000000
2 999993
22 999999
7 999983
6 1000000
2 999989
1 999997
86 999990
46 999964
16 999999
4 999983
17 999981
1 999997
9 999998
10 999978
7 999999
7 999997
2 999999
1 999977
7 999983
18 999959
1 999996
7 999986
9 999967
6 999991
3 999981
4 999995
4 999988
15 1000000
11 999997
14 999975
2 1000000
1 999999
7 999996
7 999992
17 999997
7 999984
6 999995
3 999998
5 999996
1 999992
2 999961
21 999968
2 999995
5 999975
3 999979
15 999996
7 1000000
2 999997
11 999971
1 999976
2 999998
3 999981
16 999972
6 999983
34 999985
4 999994
4 999997
11 999985
48 999992
26 999997
1 999999
9 999982
9 999993
1 999995
18 1000000
28 999984
7 999996
16 999990
2 999996
1 999962
29 999988
9 999988
6 999992
2 999984
15 999999
4 999990
7 1000000
13 999987
3 999992
17 999984
5 999996
3 999989
1 999971
2 999997
1 999982
4 999994
7 999994
9 1000000
10 999971
1 999982
4 999991
11 1000000
24 999999
7 999979
11 999981
13 999969
3 999999
1 999967
17 999987
12 999967
10 999981
21 1000000
30 999983
20 999991
3 999993
16 999993
13 999980
16 999978
32 999990
3 999998
13 999999
4 999977
6 999986
7 999995
1 999953
2 999999
2 999996
2 999984
1 999983
9 999999
10 999989
1 999994
12 999991
7 999998
18 999981
1 999997
17 999998
1 999994
12 999997
17 999997
1 999999
12 999993
10 999983
6 999993
20 999994
2 1000000
8 999983
8 999995
17 999987
47 999999
3 999997
19 999993
1 999946
5 999999
2 999989
2 999997
8 999983
8 1000000
5 999998
4 999984
5 1000000
13 999991
12 999996
11 999987
6 999993
42 1000000
17 999999
4 999996
7 999998
3 999996
1 999994
23 999998
19 999994
10 999999
19 999999
1 999980
26 999994
2 999997
24 999998
2 999999
12 1000000
8 999966
3 999986
4 999998
17 999998
50 999996
23 999991
1 999994
1 1000000
2 999995
13 999973
10 999996
8 999993
1 999986
22 999991
14 999997
7 999994
1 999996
22 999999
21 999977
14 999998
8 999997
23 999987
2 999991
12 999995
2 999996
2 999992
16 999975
11 999991
14 999988
6 999999
20 999982
18 999989
18 999996
43 999992
3 999979
1 999999
4 999996
69 999990
6 999997
21 999999
42 999995
4 1000000
4 999990
10 999982
4 1000000
20 999987
13 999999
28 999984
1 999994
25 999990
2 999991
5 999991
9 999989
2 999996
23 1000000
2 999996
8 999997
2 999988
3 999982
7 999979
18 999992
5 999999
10 999986
2 999998
1 1000000
2 999996
4 1000000
40 999994
2 999988
3 999999
10 999991
6 999983
2 999981
12 999997
12 1000000
3 999995
6 999993
12 999990
14 1000000
35 999991
4 999997
28 999967
3 999990
15 999980
10 999997
34 999994
3 999971
28 999997
7 999994
1 999990
10 999989
8 999989
9 999999
15 999994
17 999979
2 999986
1 999975
10 999988
5 999968
10 999983
6 999994
17 999995
19 999990
16 999978
1 999997
6 999993
20 1000000
49 999998
1 999995
15 999982
2 999998
5 999993
5 999998
7 999997
2 999993
3 999991
4 999979
5 999997
5 999998
37 999996
42 999993
1 999994
26 999991
1 999998
7 999989
34 999989
2 999987
12 999972
2 999959
6 999998
21 1000000
4 999996
11 999984
17 999986
1 1000000
37 999989
4 999981
2 999987
12 999992
6 999961
24 999999
19 999995
6 999999
12 999997
10 1000000
8 999992
15 999974
53 999995
37 999997
8 999998
1 999999
1 999994
14 999988
2 999997
23 999983
13 999994
3 1000000
2 999986
1 999969
3 999996
13 999986
3 999993
11 999995
2 999998
6 999989
29 999990
18 1000000
5 999989
16 1000000
16 999989
2 999992
4 999987
2 999983
6 999994
10 999997
7 999996
12 1000000
8 1000000
15 999990
1 999991
4 999983
19 999996
16 999994
7 999989
15 999986
4 999975
7 999998
14 1000000
4 999995
7 999985
34 999968
3 999979
7 999994
10 999995
5 999991
3 1000000
3 999998
10 999996
2 999982
5 999994
20 999979
3 999998
2 999975
5 999998
2 999981
12 999968
22 999993
11 999991
11 999993
1 999996
9 999996
5 999962
4 999997
26 999984
5 999990
14 999994
21 999992
11 999994
9 999973
3 999992
22 999988
18 999996
7 999991
4 999995
3 999998
3 999987
3 999982
1 999997
14 999992
5 999982
6 999993
2 999981
7 999998
1 999997
5 999978
10 1000000
1 999971
9 999983
4 999995
9 999999
33 999995
7 999998
9 999979
9 999995
30 999979
14 999998
21 999997
13 999998
19 999978
6 999995
6 999998
11 999996
2 999980
2 1000000
54 999994
1 999979
13 999983
11 999994
3 999994
10 999993
3 999988
33 999989
8 999993
7 999997
24 1000000
6 999988
14 999941
7 999975
11 999989
14 999994
22 999998
1 1000000
21 999977
11 999995
13 1000000
6 999994
9 999992
8 999998
22 999996
11 999990
10 999979
4 999989
2 999991
22 999999
7 999995
4 999999
1 999997
1 999990
17 1000000
20 999985
5 999991
3 999998
10 999987
24 999988
2 999997
7 999997
6 1000000
24 999994
10 999998
1 1000000
11 999997
1 999982
13 999999
20 999988
4 1000000
4 999987
2 999990
7 999998
5 999995
3 1000000
15 999988
6 999973
2 999982
3 999997
9 999999
13 999989
17 999997
8 999979
4 1000000
12 999994
15 999997
1 999989
39 1000000
3 999999
5 999998
3 999984
1 999993
24 999982
12 1000000
4 999979
11 999991
1 999986
17 999998
9 999995
3 999984
5 999984
1 999983
37 999991
3 999992
4 999998
8 999996
0 600038145
11 999966
4 999996
9 999979
2 1000000
11 999990
7 999964
2 999998
1 999978
34 999998
3 999994
7 999989
2 999999
9 999990
14 1000000
4 999999
11 999972
3 999972
3 999981
9 1000000
36 999998
7 999993
1 999999
3 999995
12 1000000
18 999993
9 999973
17 999989
9 999994
14 999970
9 999994
1 999993
5 999997
34 999992
4 999995
1 999995
24 999994
35 999997
1 999997
3 999999
4 999952
4 999993
1 999985
28 1000000
2 999986
7 1000000
4 999998
5 999987
9 999994
24 999998
9 999997
7 999991
24 999995
31 999990
6 999960
9 999987
2 999999
5 999998
13 999989
12 999998
4 999989
14 999994
14 999989
31 999996
1 999980
3 999999
1 999991
6 1000000
4 999982
3 999965
25 999981
2 1000000
7 999998
8 999979
5 999994
9 999993
25 999982
7 999988
2 999995
2 1000000
15 999995
18 999962
12 999982
12 999997
18 1000000
7 1000000
10 999993
1 999996
3 999991
29 999990
2 1000000
21 999987
2 999997
7 999997
27 999997
3 999998
13 999986
4 999992
7 999994
1 999981
32 999991
22 999999
16 999993
1 999989
23 999983
6 999985
10 999983
7 999992
13 999988
19 999974
6 999994
4 999996
4 999994
13 999999
14 1000000
1 999968
15 999998
2 999991
1 999991
5 999993
18 999991
2 999980
5 999984
50 1000000
1 999997
20 999988
10 1000000
15 999998
2 999972
13 999997
21 999986
7 999947
3 999969
15 999999
3 999992
8 999999
8 999997
2 999997
33 999975
22 999989
3 999995
8 999980
1 1000000
5 999999
5 999998
12 999996
10 999999
9 999995
30 1000000
4 999986
2 999983
22 999999
7 999983
31 1000000
1 999999
1 1000000
13 999966
12 1000000
6 999989
2 999994
13 999994
1 999978
6 999986
11 999994
14 999993
8 1000000
2 999997
4 999988
9 999994
4 999996
16 999988
17 999996
4 999997
16 999999
12 999983
3 999999
20 999993
5 999992
18 999999
2 999997
25 999993
10 999995
2 999984
45 999999
45 999998
10 1000000
2 999998
14 1000000
17 999999
2 999996
8 999998
3 999998
1 999999
27 999985
1 999986
12 999998
1 999977
16 999994
24 999999
2 1000000
7 999998
7 999999
2 999991
5 999991
26 999997
14 999997
2 999983
1 999993
13 999995
1 999998
10 999985
2 999990
6 999996
2 999991
2 999983
2 999992
13 999992
15 999981
7 999981
6 999990
6 999998
7 999998
13 999996
3 999999
9 999963
13 999987
6 999997
6 999996
19 999997
8 999992
6 999989
17 999991
8 999997
1 999998
53 999990
23 999996
2 999993
11 999996
2 999994
30 999996
1 999976
11 1000000
12 999952
5 999988
10 999991
26 999996
25 999998
8 999991
25 999992
13 999982
8 999986
15 999987
15 999986
6 999984
13 999999
28 999999
35 999991
4 999994
4 999998
1 999983
6 999999
12 1000000
5 999994
2 999999
1 999986
6 999998
6 999994
3 999991
7 1000000
8 999995
4 999968
23 999983
4 999994
38 999979
2 999995
5 999999
21 999987
16 999968
5 999994
20 999979
25 999994
9 999991
7 999997
11 999967
31 999987
14 999996
17 999988
8 999992
2 1000000
13 999975
3 999992
29 999998
2 999991
2 999989
8 999997
1 999985
17 999993
31 999994
15 999995
4 999983
5 1000000
6 999998
6 999976
7 999999
5 999998
9 999991
13 999995
32 1000000
4 1000000
5 999991
1 999994
3 999993
4 1000000
1 999997
5 999973
10 999991
4 999993
3 1000000
2 1000000
17 999982
3 999994
3 999993
1 999996
11 999999
9 999997
1 999989
6 1000000
16 999994
10 999978
1 1000000
1 1000000
3 999981
17 999999
27 999961
43 999997
21 999982
21 999989
21 999992
20 999988
6 1000000
2 999994
16 999990
4 999998
8 999994
5 999978
7 999994
14 999994
3 999998
9 999995
25 999999
14 999999
2 999982
8 999992
2 999997
14 999999
19 999998
10 999989
16 999999
5 999985
4 999995
6 999978
6 999985
8 999995
1 1000000
9 999993
3 999990
6 999999
8 999999
6 999996
21 999954
18 999999
6 999994
10 999995
2 999986
3 999988
4 999994
5 999997
6 999992
3 999999
8 999990
1 999981
5 999997
7 999994
7 999999
1 1000000
3 999987
3 999991
4 999993
14 999991
6 999987
12 1000000
6 999988
1 999985
19 999994
18 999976
15 999980
6 1000000
1 999982
2 999994
2 999998
6 999994
4 999997
15 999982
8 999993
6 999932
1 999998
1 999998
2 1000000
36 999997
14 999983
30 999983
2 999972
12 999990
15 999979
9 999984
3 999980
2 999998
14 999987
17 999997
6 999967
11 999985
9 999992
31 999977
4 999985
10 999984
18 999999
26 999982
5 999981
10 999993
9 999989
3 999985
4 999959
12 999979
3 999993
2 1000000
34 999995
8 999997
12 999985
1 999999
35 999990
4 1000000
8 999998
1 999997
7 999997
72 999997
11 999993
28 999993
3 999997
30 999994
1 999997
21 999994
10 999996
18 999995
5 1000000
21 999999
9 999994
3 999963
5 999997
4 999998
20 1000000
9 999972
2 999998
5 999994
36 999999
10 999985
41 1000000
1 999976
11 999915
3 999997
3 999993
1 999988
3 999981
19 999997
3 999998
6 999982
16 999985
4 999993
15 999995
19 999999
15 999996
1 999990
1 999998
1 999997
26 999998
8 999995
15 999984
4 999991
9 999999
2 1000000
4 1000000
16 999994
10 999995
5 999999
1 999990
4 999983
38 999988
16 999994
13 999992
6 999994
8 1000000
29 999994
3 999990
1 999995
8 999988
8 1000000
6 999978
1 1000000
1 999979
4 999990
2 999992
4 999974
13 999983
4 999999
6 999989
16 999996
16 999995
6 999999
4 1000000
5 999994
8 999988
7 999990
29 999999
32 999986
1 999996
2 999986
6 999998
18 999989
3 1000000
5 999988
25 999978
11 999971
6 999990
12 999995
3 999970
28 999985
23 999999
6 999998
12 999991
3 999996
16 999994
5 999997
3 999985
8 999985
4 999994
11 999988
10 999994
6 999982
19 999999
7 999997
3 999997
7 999987
1 1000000
3 999997
5 999999
3 999992
35 999983
17 999990
33 1000000
29 999988
2 999980
4 999987
1 1000000
1 1000000
2 999988
2 999999
16 999990
4 999999
22 999998
3 999994
13 999993
8 999984
8 999990
1 1000000
13 999985
20 999994
2 999982
32 999968
3 999992
6 999994
3 999991
12 999994
4 999999
8 999996
8 999957
2 999991
1 999996
14 999982
18 1000000
3 999996
37 999988
4 999943
2 999996
11 999995
25 1000000
4 1000000
43 999994
5 999996
3 999978
13 999977
46 1000000
2 999999
3 999967
11 999992
27 999983
9 999997
10 999991
13 999974
10 1000000
2 999998
11 999967
4 999961
6 999993
4 999997
6 999983
14 1000000
13 999991
23 999988
13 999997
11 999971
3 999991
38 999993
11 999999
14 999999
11 999996
7 999991
7 999977
12 999992
15 999997
9 999998
28 999955
5 999998
12 999986
10 999996
34 999987
9 999994
12 999994
45 1000000
2 1000000
27 1000000
14 999992
1 999991
6 999981
2 999988
7 999914
12 999999
30 999998
3 999997
1 999964
10 999971
26 999989
66 999979
7 999983
21 999995
2 999991
21 999988
5 999993
7 999995
8 999993
11 1000000
19 999990
6 999992
38 999989
20 999982
7 999997
4 999991
11 1000000
2 999976
34 999999
7 999989
20 999992
6 999999
12 999999
25 1000000
2 999999
4 999998
1 999986
3 999979
4 999997
9 999990
2 999964
15 999988
25 999998
9 1000000
10 999997
29 1000000
2 999994
4 999997
29 1000000
8 999988
3 999991
3 1000000
5 999998
1 999995
1 999997
6 999987
5 999998
22 999994
5 999992
16 999977
1 999986
26 999999
12 999991
12 1000000
8 999991
4 999993
14 999991
6 999982
1 1000000
22 1000000
2 999998
19 999988
1 999990
16 999998
5 999992
2 999983
8 1000000
13 999982
2 999991
2 999999
26 999969
6 999989
7 999985
16 999996
30 999996
4 999993
41 999980
3 1000000
3 999981
12 999995
22 999959
9 999983
8 999990
3 999976
11 999968
5 999992
25 999979
6 999998
10 999993
1 999998
3 1000000
5 999973
3 999975
18 999998
17 999945
4 999999
28 999996
13 999998
13 999985
4 999982
3 999998
3 1000000
6 999966
8 999997
7 999996
10 999990
14 999994
7 999987
2 999982
3 999981
