83717 10294950
84357 10330452
82710 10329900
84058 10239750
83426 10349750
83991 10284700
82798 10249900
84179 10484750
82628 10216304
81986 10261152
84072 10246302
82889 10264700
81719 10389900
84598 10399800
83791 10261201
83066 10264750
85445 10315750
83969 10324850
84147 10374750
83441 10216453
83356 10379850
82978 10240804
83995 10256350
83161 10434800
84719 10344800
85813 10399750
83156 10325601
84057 10274750
83521 10276051
85560 10364700
82707 10434750
82437 10315750
82442 10246252
83720 10349900
83070 10339800
85497 10399750
84728 10284700
83250 10354800
85771 10196655
82800 10211453
86382 10309800
83968 10335501
82079 10274750
84510 10320651
84348 10329900
81810 10255651
82530 10320453
83628 10329900
83070 10370002
84991 10229800
84180 10304700
83353 10249550
83811 10374750
84061 10374700
82709 10310701
83338 10231402
81628 10194900
84640 10236051
86386 10194650
84640 10379800
82901 10299750
84600 10380001
84637 10280853
85540 10334900
82260 10294900
82078 10284750
85498 10261102
83610 10294900
82258 10211355
86087 10379800
83968 10384650
84059 10310652
85052 10329750
86449 10284800
83262 10250751
84180 10196753
85094 10144700
82979 10314850
82351 10389950
83807 10216402
83609 10389800
85376 10249850
84070 10404950
84453 10394800
83812 10226452
83877 10113257
83790 10284750
83518 10354850
83991 10314750
84148 10389700
83066 10246252
84689 10339850
85318 10319900
83247 10234850
81808 10304750
82618 10364850
83808 10255651
83083 10394700
83427 10249800
83263 10439950
83968 10409950
83249 10339800
85449 10284750
84809 10404750
83159 10409900
84356 10249900
84449 10304650
85186 10429700
83427 10439800
83172 10429800
82980 10374800
83082 10399850
83443 10354900
85767 10419900
84814 10464750
81630 10414950
84690 10206603
83264 10375101
84146 10221253
85047 10269900
84081 10364900
83720 10439900
83717 10379952
84810 10449850
82978 10389850
83532 10335550
83159 10429800
84329 10389850
83339 10299850
82529 10384850
85835 10152604
87542 10434900
84257 10169800
82442 10157053
83258 10419800
83626 10349900
84416 10109435
84915 10245655
83066 10240902
82351 10409750
83720 10182053
84330 10216255
82709 10294850
81807 10379750
86393 10364850
85051 10234600
83160 10171903
83164 10309800
84357 10334750
84327 10369750
83700 10299950
84729 10349900
83990 10266151
86211 10324850
84728 10290852
86570 10254850
86570 10324800
83700 10345401
82537 10434950
81900 10229650
82980 10299750
84180 10244800
82172 10384700
85953 10234750
85190 10309900
85680 10434750
82628 10444850
81628 10182102
85005 10211652
84179 10281100
82619 10310701
84446 10199950
83610 10284800
84058 10276051
84689 10270253
83172 10459850
86851 10206603
82617 10369800
83626 10414750
82715 10434950
86270 10394900
83083 10359700
84329 10399950
81537 10335402
85590 10324950
84082 10300702
82168 10300801
85192 10439900
82980 10310701
85357 10226403
85084 10244750
82256 10084004
85743 10434750
84510 10344800
85173 10344800
83900 10444800
82889 10254650
81896 10149900
83718 10389800
82799 10289900
83264 10354650
83168 10315701
82534 10201653
83698 10350202
82530 10419800
82620 10344750
82439 10299800
84639 10330402
84690 10162251
83699 10157004
83607 10271101
82347 10305702
84420 10284650
83352 10354950
85002 10399750
84535 10309800
84869 10264750
84907 10354700
82991 10404750
84812 10299850
84994 10300752
83174 10484750
85175 10259650
82616 10454950
85139 10295851
84176 10474800
84258 10384900
83994 10344750
85744 10229750
83156 10379900
83261 10374750
82808 10349900
84688 10370151
85100 10244800
85950 10274900
82619 10279950
82354 10344850
84444 10259900
82350 10349800
83629 10304750
83628 10389900
82980 10314700
85769 10280952
82080 10484800
84960 10231053
84511 10196752
85630 10244650
84629 10132402
84821 10354850
82899 10230955
85140 10320651
83534 10325452
83790 10439850
82167 10389950
81989 10374700
83070 10289800
84087 10419900
83173 10424700
82892 10344800
86541 10294850
82799 10379700
85100 10439750
83158 10409950
83263 10256251
84269 10329850
82170 10221601
84870 10449950
81987 10275952
82355 10259750
82888 10299950
83067 10324700
84083 10434850
83697 10454800
83900 10271002
84149 10379900
83627 10434850
84057 10444800
82890 10494800
82888 10434850
84264 10449900
82890 10184600
83083 10157651
86008 10172351
83339 10379950
82628 10305652
83518 10184900
82080 10319750
83994 10349750
84456 10340352
84512 10315701
83428 10281001
83157 10349800
81809 10334950
85374 10449950
83719 10369950
82257 10219650
85500 10354650
83968 10276101
83696 10304750
83608 10419750
82798 10474850
83537 10254650
82620 10284700
83070 10186753
84328 10255455
82440 10315701
85771 10231452
84453 10261251
83428 10359700
81088 10384950
83430 10179750
83351 10279800
85085 10239650
84691 10249800
83174 10231402
83788 10251252
84721 10294700
81806 10117552
82897 10214750
83170 10349700
86666 10449750
83356 10259600
82527 10290852
83537 10359800
83700 10404800
84357 10169700
83719 10276051
83624 10344750
82530 10299800
82080 10384750
84546 10369800
84882 10229900
82976 10335501
82443 10359750
84150 10344850
83067 10359850
84329 10474750
81988 10169750
82262 10349650
82978 10469800
84628 10394800
82979 10370052
84902 10444850
86938 10409800
84087 10284750
82257 10355251
85267 10300900
85740 10179900
82887 10399700
83700 10231151
81540 10434750
83970 10269550
81629 10211355
86996 10345351
82898 10379950
82980 10404950
83165 10449800
84240 10404850
86450 10314750
84902 10404700
82707 10204700
82076 10344950
85319 10294800
84240 10315602
83880 10339650
83430 10349750
84689 10344850
85722 10384800
83700 10304750
85318 10344750
83535 10320601
85269 10294750
84780 10139650
84781 10304700
81900 10359750
85232 10324750
82439 10187001
83174 10364750
83698 10384900
84447 10186904
82442 10379950
85373 10284750
83807 10191902
82886 10280952
85137 10304900
83339 10354900
82800 10384750
83520 10429700
84719 10261251
82533 10379750
82628 10339800
86664 10294750
84689 10279600
84420 10334950
84364 10315701
83070 10394750
81718 10179700
83967 10299850
86312 10345351
84237 10399700
82168 10259650
81897 10344750
83881 10154600
82618 10325502
82167 10184800
83995 10355301
83263 10224700
84420 10344600
85140 10419850
84266 10349650
84448 10224650
82264 10280803
82526 10304700
82170 10329850
82534 10254650
83628 10429850
86220 10274700
84178 10249700
83606 10325452
85586 10315651
84348 10300851
82976 10330501
82901 10189800
85407 10142154
84599 10319700
85139 10449950
83430 10434800
83629 10369900
83698 10194850
86037 10216750
85680 10314700
82437 10389800
84691 10349750
84547 10259800
84058 10250604
83068 10284700
84721 10315552
82536 10167353
83251 10254750
82900 10360152
82799 10309700
84421 10319800
82617 10240755
84915 10479800
83534 10419800
82439 10315602
82627 10245802
85092 10409900
84177 10234800
83699 10235855
84901 10319800
82077 10394900
82170 10289850
83628 10354850
83790 10439850
83628 10199650
84449 10344750
86581 10284600
84267 10269750
82992 10171953
84059 10364900
84176 10221651
81810 10364850
84419 10259750
84901 10444850
83812 10144700
84441 10349650
83351 10206455
83158 10132955
84447 10309650
82169 10294850
82889 10340401
82707 10414900
84600 10320502
83696 10344850
83995 10264850
82078 10325650
84537 10127601
84870 10325502
82350 10264850
82977 10349800
84242 10334750
82708 10284650
84537 10189750
83536 10399700
84811 10299750
84510 10364950
85837 10201702
83429 10424950
83993 10216304
83970 10370101
83608 10295851
83167 10231551
84809 10309650
84240 10359950
85679 10304850
84357 10260404
83992 10276101
82529 10354700
85412 10370052
83068 10204850
82887 10211652
84454 10229600
83340 10335352
85467 10286050
85719 10479950
83609 10214900
85445 10295752
84146 10335451
81990 10172204
83608 10157103
84420 10439850
84353 10335451
81986 10404950
84722 10264900
84269 10201604
82627 10334800
82437 10364750
82440 10236501
83626 10364750
84266 10249600
85903 10329900
83173 10289800
84354 10359850
83880 10211652
84357 10424900
86723 10409750
84446 10354900
83538 10271002
83444 10300801
85264 10439850
85052 10339700
82079 10364900
83174 10279800
82800 10384750
81358 10169900
84602 10256152
82443 10429900
83070 10236352
82900 10399800
84914 10464750
83429 10244900
83719 10345401
82806 10169750
82167 10216552
85190 10369850
84867 10270155
84238 10419950
83536 10276002
83158 10409750
82616 10295851
83518 10174700
83354 10349850
83174 10304800
82797 10309800
84508 10374850
84441 10479750
84993 10379800
81629 10229600
81898 10369750
83431 10161954
83171 10244750
82616 10319700
83967 10449750
87232 10389850
82620 10365102
83610 10216255
83447 10294850
84178 10354750
83989 10250555
84269 10234700
81988 10266201
85728 10285951
83880 10324800
83340 10129600
83610 10334850
82718 10335550
82440 10231452
84867 10214900
84330 10271052
83248 10369850
84780 10259800
85000 10167255
84813 10254600
81179 10324900
84440 10494950
86295 10235953
85231 10359850
84779 10354850
84872 10259900
84240 10380100
83338 10389900
83520 10320700
83427 10329700
84173 10389700
85000 10349850
82899 10335501
83160 10264750
82535 10309700
83881 10389901
83337 10384850
84872 10280952
85465 10364900
85538 10231053
85052 10344750
83989 10479750
81896 10249850
84810 10320601
84147 10389850
84062 10295950
85557 10479900
81986 10289650
84057 10379750
86578 10399950
82350 10259900
82897 10329950
84347 10236051
81808 10224750
82079 10434800
83786 10274850
82168 10304750
84909 10259800
82350 10221403
85813 10429800
84809 10329750
84149 10344950
84719 10295950
82616 10319750
83446 10186904
84237 10270204
82617 10177153
86038 10409800
83352 10201555
85356 10305850
83340 10414950
83430 10369850
84538 10409800
84084 10394750
84533 10191703
84600 10469850
82719 10264750
82168 10325601
84879 10419950
85408 10269750
83251 10184650
82439 10424700
86177 10330551
84824 10459950
84269 10300801
84866 10364850
83353 10236253
83428 10389750
85358 10414950
84175 10209700
82889 10231600
83628 10280952
82890 10335550
83902 10309650
84900 10339750
84178 10264700
82078 10384700
84692 10295901
84780 10424850
85267 10414900
84961 10329800
84441 10369750
84506 10454850
82256 10419850
82080 10295752
85000 10284750
83068 10429850
85174 10309800
85592 10240853
83158 10264750
83879 10324750
84175 10324850
82257 10334650
84993 10424750
82529 10404900
82626 10364800
81807 10359850
81808 10122453
82262 10414800
85093 10219750
82438 10239700
87044 10459850
84263 10344800
83807 10309800
83338 10334850
83807 10414800
84150 10256152
85051 10349750
84444 10365102
84913 10324950
82898 10359800
82526 10434850
82890 10309700
82710 10324800
83159 10224700
84357 10429800
82710 10314800
83609 10324750
83353 10329900
83519 10334800
84723 10219650
84082 10345252
83339 10364750
84721 10459950
82625 10329800
82977 10404750
84628 10429950
84812 10281001
84150 10359850
84545 10196802
85561 10444850
84825 10209900
84257 10219650
82166 10259700
84512 10409850
85140 10404900
83520 10261102
84721 10229750
82256 10310800
85590 10226601
83250 10469800
84329 10354750
81718 10304750
84236 10350202
82347 10330551
84262 10404850
84601 10474800
81179 10404850
82888 10349850
83885 10319600
83518 10419750
83885 10335451
85408 10309750
83340 10474750
84781 10309650
83812 10206553
83700 10429800
84175 10249700
85994 10364950
83070 10285902
84272 10184600
84060 10169800
84600 10162251
82347 10404700
83083 10369900
83535 10300702
84150 10239700
83337 10211454
82799 10201603
82887 10424950
85317 10310602
83447 10349850
84993 10349900
83878 10279700
82439 10399750
82980 10250653
84906 10246302
82439 10389850
85084 10214800
83067 10249650
85652 10249600
86359 10299850
81810 10274600
83262 10299900
84637 10221354
82445 10394750
84448 10314850
82080 10359750
84780 10389950
84175 10474950
83067 10239800
82527 10379800
83336 10246252
84719 10414850
83157 10419800
83902 10454950
85231 10266003
84537 10264750
82708 10335501
82888 10159800
81719 10266052
82170 10314900
82620 10375002
84629 10429950
83627 10235953
82355 10349800
84782 10384650
84328 10239600
86570 10324850
82708 10305652
83788 10285902
84080 10384900
82798 10389850
82080 10339750
83538 10399900
84811 10399800
85648 10199700
83698 10384800
84364 10424750
81809 10275903
84269 10374700
82991 10276051
84239 10187002
83430 10084053
84627 10429750
84150 10279600
83338 10330600
83354 10365151
82887 10299950
85678 10304800
83445 10369850
82260 10354750
83340 10394700
81807 10409950
84958 10191901
82809 10284700
84356 10360201
85372 10345351
82444 10290951
85187 10350301
82800 10276150
82709 10354700
85050 10299750
83992 10419750
83249 10256251
83902 10286001
85082 10299950
85267 10344750
85832 10324850
83538 10290901
81987 10334800
87270 10239700
82533 10304800
84447 10349800
84269 10280902
83877 10379900
85187 10374900
85728 10389950
81987 10434750
82900 10404800
83263 10172101
84872 10439800
84058 10369700
81536 10344800
85466 10219650
82887 10314850
82169 10300702
82709 10234600
82980 10295901
84172 10162355
82077 10334850
84058 10324800
82901 10209750
82168 10315750
82261 10310602
83629 10414750
82353 10394950
85374 10404800
84907 10374800
84364 10349850
83070 10074204
83355 10221403
82347 10214700
84510 10251103
86086 10344700
83250 10339750
85230 10294700
82167 10454900
83158 10394800
82355 10339850
82980 10424750
82257 10314850
83877 10339800
82530 10384700
82980 10309950
82989 10354750
86492 10434900
85650 10201653
83900 10384900
82796 10374750
84600 10169450
84687 10310751
82529 10300702
84326 10234900
83082 10254700
85050 10364900
84914 10419750
83248 10389950
83518 10344650
83428 10384700
84061 10409800
84087 10330501
83880 10214650
83879 10345252
83427 10310751
84539 10241253
82887 10349800
84870 10434850
85905 10314850
83070 10226353
86195 10325601
83788 10369800
85679 10279800
85277 10271002
83878 10231053
84689 10245655
86669 10324850
83518 10281001
84361 10419900
82801 10374900
82992 10216651
83993 10240951
84239 10261053
85498 10204950
85350 10314900
84629 10276002
83718 10324800
83629 10404700
83536 10244550
83627 10414850
82440 10289600
84329 10274750
85002 10329850
82168 10449750
83250 10181754
85376 10374850
82355 10274800
82526 10419750
84780 10469800
82980 10339900
81988 10429750
82167 10464950
82626 10374700
85631 10269600
83356 10290901
82990 10254850
82261 10329900
84816 10459950
83628 10369900
84081 10259850
84957 10324850
86972 10234750
82618 10359750
84147 10211306
83069 10299600
84239 10251351
84420 10394900
84812 10324850
82258 10284800
84814 10289850
81448 10314950
83788 10177055
82707 10329700
82901 10344700
85229 10249800
87031 10254800
85447 10187002
83899 10294650
83608 10419900
84328 10305603
83067 10404800
84538 10319900
83969 10275903
81266 10285902
82900 10369900
83263 10216304
85993 10249600
84538 10196653
83259 10177055
84535 10434750
81448 10304650
82438 10374750
81627 10419750
83173 10251153
83536 10424850
83700 10359750
83877 10167157
83969 10226202
83352 10199650
83880 10152153
83624 10419800
83697 10219700
84813 10229800
85086 10310652
83430 10399950
83717 10264850
83790 10219800
82991 10295901
84689 10246252
83788 10374900
83900 10309750
85556 10344750
83250 10270302
82616 10187051
83356 10281051
83350 10384900
84454 10414850
83083 10201555
85190 10419850
83080 10245655
83990 10335352
82706 10334750
86401 10211553
83174 10285803
83248 10221502
84538 10389650
84870 10221453
85409 10369800
84600 10234850
82528 10231501
83338 10439900
82436 10329750
82617 10434850
82706 10244800
82078 10330600
84330 10211751
83700 10399800
84822 10211306
83698 10284600
84328 10304850
81899 10444850
84265 10379650
85374 10359850
82979 10394700
83607 10439900
83536 10254850
82437 10489750
83160 10374700
84722 10295901
83536 10449900
82346 10269550
82809 10275903
83901 10310553
83167 10359850
84062 10354850
83718 10259750
84240 10369850
82716 10424900
84056 10214800
84256 10339800
83993 10266102
82528 10354850
83083 10359750
82797 10229850
0 600038145
83083 10309750
82890 10439700
82806 10414950
82980 10295752
83079 10344800
84088 10324800
82079 10294850
83348 10236352
82887 10414850
83532 10444900
84148 10369900
83441 10404900
84546 10414800
81897 10429750
84639 10299750
82979 10206652
82256 10284850
84328 10280952
85594 10219750
84912 10449750
84060 10479750
82077 10206652
83901 10334750
84600 10201702
85371 10184750
84238 10294800
82076 10454750
83970 10339900
82348 10159550
83519 10284800
82536 10384900
86019 10265953
84539 10369650
84173 10314750
84180 10295703
85466 10289750
82796 10355152
81630 10324750
82443 10290852
83995 10399950
82625 10414900
85836 10330452
85192 10315602
84912 10330501
84717 10339800
83068 10211453
84453 10359750
84060 10264750
84269 10344700
84172 10254650
83808 10221155
82169 10344850
83249 10251301
82169 10334850
81898 10424750
81986 10211602
82616 10344650
83608 10142352
85927 10339750
84059 10404850
83899 10369750
84149 10176804
83164 10309600
85228 10266052
82620 10464850
84902 10340401
86353 10255455
81717 10419950
85283 10270253
84060 10324750
83249 10349800
85679 10280952
84058 10279955
83356 10439750
83447 10206406
85650 10354700
82354 10320453
84778 10194850
84330 10142352
84904 10349700
83353 10369900
85226 10359850
82076 10279650
82992 10314900
86218 10344900
82990 10404750
83811 10389700
82710 10369800
82897 10340500
82439 10399900
83787 10269650
83629 10270253
83247 10339750
85192 10374900
84903 10246302
81899 10344800
85904 10167052
84326 10330452
82260 10359750
83967 10434900
85772 10369800
86762 10389800
85099 10409850
85680 10290901
83340 10289700
82167 10464850
86128 10256152
83067 10389900
84690 10419850
81810 10444800
84446 10279750
84270 10229900
81899 10216651
82718 10389700
83899 10214650
85256 10289700
82990 10314750
83070 10299900
81987 10167052
83786 10269700
83533 10289750
81898 10241500
82170 10340451
82716 10264750
84070 10259650
81358 10284750
85373 10274900
83431 10409700
83902 10290901
84900 10374952
83969 10424850
82980 10315552
84330 10196950
85771 10274800
82899 10360201
82717 10414850
84640 10279750
83353 10314650
85466 10270302
81447 10479750
82901 10310751
82439 10325601
82528 10324750
81987 10399750
84630 10404850
83991 10229850
83337 10324800
85374 10256103
84417 10275952
81806 10329800
82257 10345351
83536 10419950
85175 10289800
83700 10184850
87817 10314750
85229 10216552
84508 10259600
81897 10214500
83429 10264550
82888 10394850
83248 10324750
81720 10300851
84150 10274850
83698 10221601
83967 10305652
84267 10290901
84173 10249700
85928 10319650
84687 10299800
82436 10399950
84782 10384951
84720 10279700
82628 10224800
84353 10379850
83079 10249750
83070 10429850
82078 10295901
84690 10144850
84781 10339750
85188 10385050
84174 10314750
84419 10429800
84416 10384800
83720 10449950
85747 10304800
82438 10394850
82715 10279700
83538 10414900
83809 10174650
85284 10199650
83970 10394850
81988 10191852
84786 10330600
83790 10459900
83355 10244900
82352 10469750
85536 10294750
83610 10404700
83970 10249800
82442 10389900
82624 10414900
84272 10255602
84506 10439700
83718 10364850
85318 10279750
82168 10345351
81719 10424950
81086 10330501
82897 10211355
84994 10399900
81990 10369700
83165 10049054
82710 10344700
82988 10355251
82536 10236002
81900 10254650
83970 10359850
87087 10364850
81810 10264900
84721 10320651
83066 10404900
82888 10231452
83067 10261251
82980 10439850
81989 10269750
86020 10334700
84630 10379800
85813 10279700
82170 10429800
83899 10355202
82263 10439850
84870 10256202
83173 10114750
82710 10299900
82077 10309900
83068 10444950
82978 10231053
84445 10294800
83538 10245851
81716 10314900
81989 10162404
84598 10414850
82984 10394850
83247 10384800
82707 10389750
84061 10355202
85188 10344900
84268 10319800
83991 10399750
84810 10330501
85650 10389900
84511 10299900
83970 10325452
84813 10186953
82257 10379750
83788 10394950
81539 10384900
83993 10245753
82527 10329750
82710 10304650
85542 10399850
85860 10314850
81356 10255602
84237 10355202
83789 10379700
82628 10271101
83444 10310602
84180 10264750
84452 10189700
84362 10254750
85282 10489950
87271 10309800
83608 10304600
82079 10280853
82992 10449900
83902 10319750
84060 10309750
85084 10159800
85254 10269700
86481 10329900
85948 10250604
82527 10299800
82347 10239700
84824 10295901
81630 10350301
85652 10234900
83699 10354850
82708 10349750
85049 10177150
81717 10349700
81719 10309650
84536 10314750
83352 10340352
81986 10305603
83535 10374750
82260 10489800
84265 10314750
84146 10419850
85140 10314750
82530 10152653
83628 10314950
84059 10354800
81359 10266201
83161 10315552
83352 10206702
83879 10179600
84269 10409950
84327 10300851
84418 10360300
84060 10384850
83790 10394750
84240 10409750
85267 10360201
83535 10335402
82169 10314800
82438 10211602
83968 10250604
84240 10384750
82979 10231004
81357 10279750
84730 10254900
84058 10134800
83538 10369750
84811 10359900
84455 10266052
83993 10439900
82890 10394700
82168 10439750
82709 10399850
83352 10245851
83262 10260551
85229 10235904
82979 10294900
82810 10206406
83070 10244700
84271 10374950
85837 10449900
83446 10359700
84088 10334850
83720 10254950
83810 10369900
84086 10349800
85266 10364900
82886 10374800
84956 10280853
85811 10344700
82800 10404750
86022 10254600
84598 10394750
83430 10359800
82901 10379950
83697 10454750
85008 10224800
82257 10334800
83356 10349800
85160 10349700
83536 10330402
82707 10174800
82258 10389750
84719 10344750
85630 10229750
84812 10394900
83264 10404850
82707 10329750
86038 10354750
85007 10379800
82719 10379750
83789 10261053
84179 10234750
84240 10279950
82889 10384950
86290 10359850
82170 10349650
82796 10414700
83789 10359750
85267 10206651
81627 10339750
83249 10299800
85835 10419800
85556 10254850
82258 10299850
86450 10310652
81986 10315651
84454 10284850
85140 10294800
83340 10364950
82708 10374850
84906 10419900
85093 10399750
81540 10354800
82166 10271002
84870 10249800
82353 10324750
82170 10256251
82708 10334750
83076 10251400
84691 10284900
82978 10261251
84328 10309750
83534 10389800
85540 10359750
82444 10279750
85049 10244900
83445 10444950
85542 10414850
84733 10231600
83167 10284700
81716 10299650
82887 10384750
83070 10334800
83156 10334750
84357 10375101
83535 10344700
86083 10221302
83158 10300851
84780 10409800
85813 10295851
82886 10244750
83608 10206702
85137 10454900
83516 10300752
85230 10349750
84626 10319850
84328 10289800
82533 10264650
84150 10211701
85097 10339950
85652 10349650
82988 10221204
82445 10344750
81448 10434800
82346 10269800
84419 10194650
86008 10359750
84780 10330501
82799 10384700
82170 10256103
83993 10389900
85722 10280902
84330 10194700
83787 10216255
84535 10216552
86161 10319750
84174 10419850
83720 10289650
84446 10294950
85538 10349700
82168 10404850
85586 10434800
86086 10304800
83902 10260453
85410 10349900
83880 10249600
82078 10409750
84175 10249800
82440 10349800
85464 10329600
84448 10369950
82886 10354800
83250 10276051
83991 10179950
82707 10294900
81988 10254800
84150 10276002
84510 10286050
83787 10294850
82709 10226403
83429 10186855
82978 10231102
84868 10204550
84730 10309900
84270 10334750
83790 10384900
82979 10384700
84175 10349750
83338 10404700
84723 10144600
84995 10374900
83611 10191901
83970 10439800
84689 10335402
81537 10157553
83081 10224950
85540 10329600
82797 10309950
85278 10324850
84719 10384902
82348 10324800
85766 10384900
83608 10409900
82810 10319700
83812 10234850
84510 10384900
83809 10231551
83535 10340302
83428 10266052
82799 10315552
84454 10339700
82350 10314700
82989 10309900
84627 10315602
81808 10330501
83082 10409700
83993 10276051
83172 10444900
84173 10284900
83069 10429850
85773 10289800
84718 10294850
82259 10359750
82355 10169550
82710 10279850
84507 10429850
81720 10254950
84165 10374700
82261 10224700
83626 10349850
85320 10364700
85142 10261102
85283 10479750
84175 10159700
84330 10354700
83156 10399950
83993 10419750
83878 10339800
84809 10429900
85680 10191901
84349 10379800
82976 10399850
82170 10250751
84180 10244800
83790 10374900
82528 10319700
85319 10354850
83516 10280853
85267 10279800
83990 10314850
84444 10429950
85466 10334750
84867 10265402
83249 10404950
83443 10379650
81267 10269850
83609 10344850
84637 10325452
82534 10424800
83265 10234750
83625 10186855
85008 10186753
82990 10314600
85376 10379750
85050 10294600
82166 10389950
84596 10389950
85100 10389800
83080 10279700
84631 10324800
83698 10229550
82892 10404900
82166 10143198
82707 10304700
84509 10335402
82620 10464950
84602 10325601
82800 10142755
84266 10226502
83535 10304900
83069 10244900
82257 10309600
84149 10364750
85500 10354750
84149 10379750
86403 10404800
83426 10414700
82708 10244650
83697 10315602
82260 10137757
85932 10284900
83789 10324850
85468 10300752
83069 10320601
83521 10270903
82706 10304700
84084 10330402
86585 10236451
83535 10384900
82799 10254900
82257 10216651
82980 10419800
82537 10279700
85466 10275952
83249 10354900
84509 10399850
84721 10244600
84903 10239700
84178 10231501
84536 10379800
84357 10389850
82978 10329850
83788 10424800
83081 10157152
84687 10479850
82890 10221552
81630 10269700
83967 10274700
85926 10330402
83811 10344800
82439 10389850
84180 10276051
84173 10240755
86022 10179850
83811 10419750
85650 10299750
82169 10236451
84328 10344850
85815 10379800
81717 10354750
84330 10320601
84536 10320700
85541 10384900
82170 10275952
84263 10364900
83809 10239850
82168 10219750
83070 10434750
82263 10309700
82258 10454950
84638 10324700
83995 10334750
85466 10196752
82706 10384900
83991 10294700
83811 10229750
83994 10254750
85138 10088904
83356 10459900
86386 10379850
84420 10194650
83260 10334650
82990 10194700
82257 10274750
83625 10349750
83979 10369750
84420 10285803
82170 10389700
84994 10404750
85630 10299700
82984 10274900
85137 10429800
84347 10315750
83082 10275952
82626 10359850
84718 10339750
84510 10449750
82977 10284800
82167 10216402
83247 10325551
82259 10364800
81360 10241451
85320 10314700
85278 10289700
82260 10439900
82076 10209600
83080 10240804
83810 10429800
84907 10264750
83257 10339750
84868 10216552
85084 10389700
84172 10379700
84991 10281001
83246 10354750
83083 10360102
83430 10290852
83537 10314800
82618 10250604
84905 10399700
83444 10249750
82264 10259600
83628 10209950
82890 10389850
81806 10256152
84539 10206652
85265 10304750
83443 10314700
84418 10290852
84903 10369850
83992 10369800
85408 10319750
85191 10414900
85560 10344900
82078 10325551
82169 10234800
84810 10181906
82892 10359850
83069 10314850
82888 10354700
83336 10154950
82715 10354800
82617 10124400
83609 10339900
83171 10334850
83790 10449850
82170 10314600
83336 10244850
84688 10399850
84957 10409850
83809 10449900
81357 10364850
83626 10216255
85410 10266250
85358 10345302
83518 10384700
84271 10280952
84446 10330452
83538 10335451
83074 10335402
84510 10320651
84444 10344800
84599 10305603
82257 10285951
83898 10384950
85652 10240804
84084 10234750
86039 10359750
83156 10469750
83355 10239650
82798 10309900
83350 10364800
84147 10300752
85188 10324700
84600 10384700
84059 10279700
85679 10285852
84236 10279700
85725 10290802
82897 10345450
85141 10449900
84916 10289850
82537 10309650
81987 10424800
83535 10206602
83537 10187002
83697 10359900
84239 10424800
81899 10204750
84364 10474800
83788 10196606
83081 10295950
84357 10374950
82977 10261102
82810 10364800
82437 10309850
83341 10159950
82169 10226006
82349 10329750
84538 10444950
86130 10339750
85050 10266003
82800 10191951
85266 10374800
82983 10300752
83811 10419800
82536 10399800
82808 10379900
84080 10159800
82530 10324800
84719 10304700
84354 10255553
84058 10335501
84600 10360201
85466 10329800
83262 10459850
83812 10310751
82169 10384950
84177 10281001
83993 10369950
82257 10339700
83538 10334600
85746 10280952
83904 10364800
85092 10182004
83807 10284800
82437 10334700
83609 10339850
81720 10339800
86218 10152103
84240 10429900
81986 10359850
83969 10359700
82348 10314750
83904 10251202
84147 10369700
84356 10266151
82799 10379850
85991 10244650
81988 10414800
84720 10399800
85227 10334900
83901 10251301
84150 10261300
85995 10329900
84537 10264750
83340 10365201
85374 10167151
82257 10235855
86021 10236352
86492 10236402
85162 10199600
83264 10334800
83444 10314800
83339 10310701
81448 10354750
81359 10299900
85316 10304750
84058 10319850
83174 10250555
83608 10379950
83971 10404750
86404 10384750
86127 10304800
83901 10274800
83899 10236550
85722 10315701
83350 10245802
82980 10259850
81628 10389750
83880 10181803
83160 10409800
85000 10314800
84809 10369700
84265 10399900
83428 10236303
83607 10290901
84417 10264950
83080 10244750
83902 10304750
82446 10349800
83160 10315602
84811 10419750
83701 10211306
83609 10315503
82977 10409800
86040 10274550
84448 10394800
83172 10349900
84455 10244600
83443 10289850
84630 10374900
83247 10279750
84959 10429900
83521 10209700
82806 10319750
83339 10349700
83520 10359800
83790 10364800
84779 10274800
87513 10339950
82168 10244700
82710 10339750
85141 10244800
83607 10261053
83787 10266201
81269 10294900
84176 10325452
81900 10295752
83428 10231102
82989 10394850
82618 10344850
82626 10236002
83786 10294800
84637 10364800
84870 10176804
83429 10404950
84602 10304750
84537 10364800
82980 10389750
84956 10409750
81449 10404850
82977 10364900
83994 10269750
84508 10239550
82350 10379750
84087 10206504
82348 10424800
83067 10414800
85463 10389950
85267 10484850
84150 10299800
82718 10299700
84060 10449800
85229 10269850
84511 10196703
82436 10399950
84084 10339850
84448 10299700
83247 10314750
83430 10354650
83066 10269550
86572 10264650
82529 10320502
84265 10399900
82260 10344700
84510 10324650
83339 10259850
84448 10226551
84596 10260453
83352 10414850
83072 10294650
84779 10375051
82617 10364800
83070 10374952
84447 10214950
83610 10339850
82528 10354750
85359 10133151
82979 10221253
84180 10444850
82081 10271200
82354 10474950
85592 10359950
82898 10339750
83427 10324650
83442 10221700
83629 10259800
84957 10374800
82718 10334800
83991 10231402
82807 10359800
84165 10309800
84179 10329950
82167 10266052
83881 10289800
83428 10314600
85140 10349750
86814 10340451
84600 10299650
85320 10260355
83900 10324700
84330 10375051
83791 10469850
84998 10320651
84816 10269950
82256 10394800
84781 10320651
85410 10374800
85466 10279900
81899 10157406
84960 10159900
84901 10354900
84731 10274800
83157 10379900
83352 10230955
84871 10269900
81630 10319850
84956 10424850
82256 10399950
81450 10244700
83607 10254950
84509 10354950
82533 10236303
83160 10246252
84903 10424900
83610 10214700
84869 10299850
85813 10394750
84824 10206553
83265 10329800
83996 10394700
83338 10414900
83265 10279850
82170 10309850
84240 10424800
83788 10259650
82709 10264750
81807 10182102
83992 10324650
83536 10315750
85926 10454850
82889 10266250
84239 10256301
83261 10399900
86018 10241253
84721 10162152
82707 10349850
86632 10300702
82800 10384850
81718 10229950
84453 10284950
83517 10334800
82537 10355251
82981 10334750
82256 10260453
85859 10214700
83160 10269950
84447 10429700
82890 10254850
83967 10345401
82166 10454950
84058 10266102
85319 10414800
83811 10324750
84149 10137953
82887 10304650
82707 10304900
83262 10459950
82978 10260502
84882 10245753
85355 10216402
83626 10364900
85269 10196653
83901 10334650
85468 10289750
85996 10374700
83996 10171903
83070 10256350
84266 10394750
87603 10349750
82983 10365250
82170 10249700
81900 10339950
82898 10374700
82078 10379700
82437 10269750
84810 10369900
82077 10204550
84991 10265255
82708 10434750
85590 10181853
83340 10344850
83700 10294700
83699 10489850
82077 10369850
83609 10329800
83609 10349750
82980 10295851
83968 10289750
82534 10246252
83609 10384850
84994 10379900
85818 10304850
83427 10209750
84907 10194650
85320 10384900
84266 10264750
83338 10469950
83259 10399700
85092 10229850
0 600038145
83993 10290852
82440 10315651
83518 10239750
81720 10289550
82890 10345401
84993 10339700
81990 10329800
85860 10389900
83629 10289700
84630 10234700
83700 10319950
83156 10329800
84598 10384950
85230 10246302
81449 10319750
81540 10159800
83354 10474850
84537 10239650
82800 10314750
84810 10419750
83719 10364800
81990 10334750
84356 10254700
82443 10294700
84082 10354750
83069 10229650
83537 10260551
86133 10469900
83717 10454850
84173 10290852
83444 10349800
84329 10309650
83789 10289850
83520 10276051
83427 10254750
83079 10474850
83700 10249850
84179 10274550
83426 10305702
83811 10236352
85629 10349700
82439 10274600
84165 10379900
82259 10384900
81267 10359950
82256 10234750
83430 10279800
81269 10281001
82168 10375051
86296 10295802
83900 10429700
83157 10384750
84164 10279950
84240 10329950
83789 10269800
82980 10469950
83810 10350202
83809 10240804
86220 10314900
83626 10349850
83877 10255651
84600 10314850
83340 10399850
83536 10224950
82977 10389800
84356 10241203
82166 10329850
84506 10459950
82167 10339800
82533 10240902
81539 10304700
83701 10354700
84330 10204750
82436 10175154
84364 10274650
84180 10324700
84916 10209850
81627 10314800
82889 10289850
84628 10083051
82890 10329650
83340 10320651
83247 10449750
83446 10325551
83608 10314650
85745 10374850
83904 10424850
82809 10329900
84080 10334900
84327 10211404
86037 10246302
84263 10359800
81716 10226153
82977 10464950
83969 10484850
85137 10294950
83339 10284800
83339 10449800
83902 10399800
84729 10219800
84351 10289800
85070 10369700
83811 10439800
83338 10389750
86042 10271151
81810 10359800
83719 10369850
84329 10209900
83430 10344800
84958 10469750
83518 10269650
81267 10299850
85007 10269950
83789 10334800
83427 10254850
83993 10349800
83880 10259600
83609 10231353
84419 10409900
83880 10329900
82807 10374950
83607 10429750
83990 10444900
83786 10309600
83426 10350400
83517 10241401
84421 10294800
83167 10310652
85001 10211453
85348 10404750
82347 10320700
83068 10454950
83445 10344650
83160 10281001
82619 10309900
84060 10304850
81806 10299600
81808 10255651
83717 10334750
82529 10374700
83159 10290951
84686 10129750
81450 10335451
81270 10464750
82800 10134800
82796 10259550
85561 10479900
84149 10314850
86759 10359750
83700 10355152
83160 10274950
83993 10276101
83901 10339700
81987 10399850
82440 10299750
83971 10229600
83172 10314850
84600 10314800
81989 10276101
85189 10320651
82708 10409950
84721 10270351
82078 10329900
83626 10360152
85069 10459850
84420 10294800
83788 10354700
85723 10369900
84692 10310652
83810 10344900
86673 10279700
83536 10359900
84809 10314800
83262 10181853
86450 10284750
84364 10309750
85081 10169750
83429 10254600
86572 10364950
85099 10271052
82257 10309650
84992 10305603
83447 10339800
82530 10304850
83809 10365102
84147 10239700
83903 10384800
82890 10186904
83260 10281051
83811 10246450
81358 10335402
81717 10374700
83901 10424950
83516 10294850
83336 10350301
84811 10199650
83787 10359750
83248 10399850
86660 10129750
85190 10299800
81720 10245851
83627 10186951
83079 10454900
84085 10295851
83808 10239700
84328 10274750
86480 10349850
81630 10290951
83717 10324750
83081 10261201
83534 10414950
82991 10464800
87047 10394950
83519 10354800
83259 10359800
82079 10305801
86113 10429900
84267 10354800
83700 10359750
84241 10281100
86022 10419800
83535 10349800
81896 10359900
82436 10384750
85589 10404700
83070 10274750
85284 10274650
85357 10414750
84816 10329750
83247 10329800
83157 10329700
83609 10123302
82710 10269900
84420 10384850
86295 10444750
81989 10344750
81539 10344750
81446 10229950
83067 10384950
84868 10349850
83440 10384900
83080 10279850
82080 10186904
84871 10389750
81987 10196752
84237 10429850
84357 10399850
82710 10191755
84717 10196604
83160 10330551
83970 10305702
86305 10454750
82708 10264700
82349 10370101
83338 10269700
81809 10299700
84361 10300702
82715 10289700
85084 10196704
83262 10374800
84538 10404850
85744 10389850
84266 10310652
84539 10444850
84456 10275952
84059 10320601
82079 10339800
83608 10294850
82168 10259750
82616 10354750
84444 10299800
83996 10329800
83447 10174850
81177 10137303
81896 10370200
83428 10389900
82716 10211453
84264 10474800
86175 10444750
84598 10289850
82346 10274750
81986 10196703
83070 10354900
85096 10260551
86111 10249850
84901 10159900
84723 10364850
83172 10325551
85372 10319700
83538 10379750
83340 10284650
83250 10274850
81178 10279800
82527 10231102
82809 10404750
82800 10394850
82808 10350301
82707 10340352
83902 10349700
84903 10409900
83880 10484750
83720 10369900
84239 10231551
85163 10284650
86664 10444950
85230 10394750
85410 10199850
83626 10379800
84534 10271151
81539 10137855
83159 10234900
84083 10334800
84868 10204700
85094 10479800
84068 10379750
84637 10439750
83263 10211701
81899 10334750
83160 10345252
85189 10256301
84903 10359850
82080 10309800
83160 10429950
83072 10344750
83440 10251400
83902 10214700
83808 10305801
82079 10265402
83881 10295802
81539 10379750
83445 10219800
83610 10201604
84455 10221552
84361 10251153
83445 10216402
83534 10304700
83082 10270155
82080 10274750
85907 10246203
82355 10236451
84692 10275104
82620 10196655
83340 10256053
84148 10479950
83430 10355301
82616 10199500
84162 10244600
83354 10404950
86114 10305652
83608 10319750
84356 10354800
82080 10419800
84331 10404850
83158 10275952
85652 10219850
82437 10276150
86022 10244800
82354 10304900
82889 10364800
83168 10264800
83249 10314750
82707 10299800
85082 10309750
83991 10269800
81988 10354900
85409 10299850
85176 10379952
84812 10319850
84417 10344900
83879 10204600
81808 10414850
83083 10370002
85085 10304850
84510 10304650
85652 10109600
82710 10231053
81989 10339900
82978 10409750
83790 10409850
83992 10319800
84060 10404800
83966 10494950
84994 10359800
83697 10179700
82527 10191902
85634 10245655
83698 10299750
86310 10284700
84809 10399750
83447 10309650
84059 10454750
84418 10295703
84870 10334800
84720 10319650
84536 10214850
84179 10314750
83629 10429900
82528 10409850
85950 10142804
82620 10355202
81536 10414850
85633 10384850
82717 10244550
83629 10231254
83249 10236550
82708 10379800
84822 10169850
82799 10419800
84448 10127304
83356 10404950
83067 10325650
84364 10434950
81900 10201702
84060 10244850
84811 10299900
83809 10484850
83516 10196901
84357 10334600
83519 10339700
81449 10325551
83996 10344750
82080 10449750
83265 10369800
83699 10304950
83068 10300801
83446 10284750
84262 10369950
82980 10239600
85141 10309700
81629 10241352
83259 10279900
81539 10314800
83067 10479950
83080 10159550
85590 10249800
83537 10244800
83808 10299800
84420 10304800
84348 10236303
86134 10444800
83262 10299750
83352 10250555
83338 10279800
84957 10284800
85281 10399900
83698 10259950
84720 10319800
82348 10269750
83993 10355251
82352 10419700
83158 10335352
84721 10335402
85558 10349800
83517 10479800
82800 10204700
86268 10314600
85993 10379952
85139 10211503
83174 10271151
83700 10369750
83427 10319750
82616 10211751
81899 10236451
84538 10132402
86268 10271052
84255 10206406
83991 10439750
85356 10281001
83339 10469900
81180 10269750
84535 10286050
84537 10254800
81986 10289700
84537 10295851
84779 10240804
85783 10259650
83901 10319700
81539 10309800
81987 10359950
82257 10355202
85268 10229750
84721 10384750
84455 10419750
82980 10254850
82537 10204950
84630 10344750
83430 10239700
83902 10419800
83447 10329850
83609 10429750
82076 10304750
84163 10254950
82625 10320700
82445 10284900
82977 10206702
85559 10370200
82349 10294750
83719 10276051
83609 10270953
83518 10274750
83248 10404900
84332 10374750
84082 10289700
83880 10344850
84626 10216206
81897 10295851
82626 10309750
84538 10339800
83174 10181952
83877 10319800
83789 10429850
84420 10216206
82898 10299700
82350 10335451
84729 10314750
83626 10309800
85356 10404950
85557 10334750
82444 10274950
85591 10424800
84360 10439800
83718 10394850
82534 10294900
84975 10186951
83697 10350202
84241 10414750
85678 10389750
86117 10314950
85952 10299650
84262 10359750
83902 10444900
85448 10379850
83520 10414900
83258 10364850
84448 10250555
83428 10299750
81268 10294750
84963 10394700
83608 10384750
84916 10369750
83066 10234900
83261 10284800
83989 10319750
84870 10281100
83716 10249850
84871 10280952
83992 10182004
82625 10444850
85099 10192000
82346 10359950
81358 10389800
83882 10429850
83877 10271151
82346 10419750
83538 10294900
83993 10369900
81180 10359800
84600 10370200
84239 10289800
83879 10339800
82167 10359850
81537 10404950
81629 10300801
84240 10274750
85228 10224700
86177 10118255
84088 10379750
81990 10374750
82528 10249800
83720 10279850
84177 10384900
83158 10309900
84452 10274550
82349 10359900
84719 10289550
85837 10439900
85136 10309850
84690 10365151
83083 10329800
84174 10334900
85002 10164850
86588 10454900
86222 10214650
83992 10285902
82620 10434800
82529 10236352
84780 10304800
84084 10299750
85264 10234750
85230 10289700
83878 10359900
85727 10124750
85376 10261152
83625 10315552
85229 10122453
82170 10269550
82436 10379750
85047 10256202
81989 10194550
83072 10304800
84331 10339800
81538 10159800
83068 10369650
84455 10309800
84173 10256251
81450 10329800
84418 10424900
83699 10246203
84628 10289900
83901 10419850
83519 10264750
85467 10147802
81538 10226251
85538 10241302
82257 10414750
83791 10349800
83538 10275853
84777 10364800
85587 10236451
84509 10354750
83442 10314750
85446 10439950
84060 10144700
83250 10264750
82890 10194850
82440 10320601
82439 10370002
84961 10379750
82173 10349650
84060 10459800
83172 10320601
81536 10329850
84719 10244750
85931 10280902
85142 10369950
84510 10254750
82079 10409750
85992 10454950
83904 10275853
86676 10279550
84351 10319800
84357 10310800
84175 10479800
86085 10429750
84330 10304800
83427 10449750
83441 10484950
82796 10389850
85447 10364800
83446 10299850
86398 10324900
83719 10324900
85781 10479850
85971 10330551
83070 10221155
84083 10269900
83250 10269700
85723 10389850
85835 10246450
81809 10444950
81990 10439800
81898 10271052
83072 10226153
83070 10424700
84354 10364750
86939 10399750
82260 10264750
83336 10320651
85000 10329800
84777 10409750
82980 10434800
81356 10309850
83251 10295703
81536 10379850
85412 10167052
84364 10319750
83339 10254550
84454 10389750
85267 10374950
82526 10345401
84959 10339750
86361 10365151
86102 10354700
84959 10279800
83902 10234850
82445 10300851
85284 10299750
85100 10434950
82992 10324750
82898 10269550
83992 10184800
82440 10345450
84690 10335451
83969 10251153
83903 10404700
84640 10221302
83171 10226202
83538 10244950
84546 10414800
82887 10289800
84914 10314700
82796 10172204
82171 10309700
84150 10355350
85631 10204650
83809 10409850
84269 10201555
83789 10349800
83790 10489850
81628 10419750
83338 10078051
82260 10320552
83698 10119850
83608 10309600
82446 10349800
81987 10384700
82536 10201751
82799 10384900
82889 10379750
84599 10285852
84722 10384750
84357 10264900
83247 10299800
86450 10269600
84175 10206455
85285 10281100
83610 10309700
83536 10359850
82897 10434900
84812 10319800
83519 10359700
82533 10254850
84059 10256301
81991 10329650
83536 10236501
82260 10389800
84538 10429950
83158 10439900
85558 10379700
84330 10259650
83625 10384850
84447 10305652
85499 10229850
83248 10241302
83700 10454750
83159 10349650
82260 10251202
86309 10275153
81627 10384750
83519 10289650
83429 10299750
83159 10186904
83626 10369750
85540 10414750
83879 10339650
84691 10464900
82619 10184750
84179 10147351
81899 10384900
82170 10309850
82890 10305702
84629 10276150
82258 10365052
82796 10489800
83699 10264900
84161 10459900
81450 10309650
83248 10314650
82348 10164750
86451 10206801
83809 10334700
83535 10339900
83629 10414750
82259 10216255
82168 10137904
85085 10320700
84455 10464900
85724 10344800
83264 10350400
83536 10266052
82168 10187001
84720 10269700
83716 10399800
83168 10374700
82798 10459900
83447 10374850
81719 10404900
83876 10340401
82979 10309700
84447 10364800
84176 10196655
83717 10236051
82170 10271200
84419 10359750
81630 10266250
84448 10444750
82618 10271151
85006 10299800
84270 10364800
82890 10424900
83696 10279650
83068 10359950
86632 10256301
86573 10264650
84177 10399800
83901 10349800
82530 10419900
83073 10274800
83521 10449750
84179 10449750
83257 10315552
81449 10304950
84511 10269750
82620 10259650
86040 10281001
84266 10389750
83427 10379900
81267 10449900
85091 10439950
83535 10204800
81718 10236303
82798 10404850
86025 10289850
84960 10434750
84508 10294800
84084 10187051
84718 10259950
85007 10404850
83698 10359800
82890 10369900
83535 10144900
83160 10142755
84058 10429800
84535 10271002
82173 10439800
83161 10093853
82800 10231452
83247 10199700
84419 10289600
83069 10304750
83067 10138492
84546 10334650
84452 10414700
82170 10132955
84722 10409850
82080 10255504
83627 10289650
83791 10274600
82530 10364950
82900 10304750
82799 10137204
83250 10304900
83517 10196802
84899 10414800
84150 10305801
83430 10244600
83608 10264750
81270 10259750
86450 10479850
85924 10349650
83719 10319850
85231 10206801
83700 10319600
85839 10270204
82709 10249650
86178 10266102
83720 10344650
83520 10439750
82899 10419850
83719 10334850
83991 10364700
84721 10359750
82988 10304750
86268 10194550
82168 10479750
82620 10339900
84330 10231600
84867 10177055
87136 10419900
84179 10250653
85265 10419800
85140 10304800
81536 10239700
84868 10384900
83969 10304750
85500 10240853
82620 10294700
81716 10349900
84907 10394900
84328 10389750
83990 10429900
83353 10404750
81537 10384850
82080 10146006
83082 10364850
81360 10274600
85188 10325650
83258 10270903
83720 10384800
81809 10235904
84730 10419800
84780 10324650
84628 10319850
85177 10109900
82889 10335352
82350 10489950
82799 10152400
83700 10369750
84627 10314850
84445 10374850
84732 10259700
83261 10226403
82445 10234700
82527 10454850
81897 10324800
81807 10384850
85769 10449900
83174 10344950
84268 10206553
83808 10224750
83170 10329850
83159 10330452
84870 10216651
84060 10290802
84730 10280053
83877 10314650
84330 10304800
85449 10335402
83079 10269900
84640 10364900
82534 10409900
83160 10469850
83430 10244750
84548 10271151
84084 10254750
83080 10399750
83081 10279750
82897 10334650
85267 10374900
83070 10354750
85371 10350252
83158 10334650
83520 10339750
85653 10214500
85411 10369900
83339 10314800
83609 10199750
84690 10364700
83789 10221302
82983 10234650
83429 10369700
81898 10399750
81898 10359750
82708 10369800
86814 10394850
84147 10449950
82800 10384850
82799 10300752
87047 10339800
84448 10254800
84780 10214700
82347 10374700
82528 10251400
83611 10236303
84445 10364850
84060 10279850
83340 10384850
84538 10244750
83174 10271052
84358 10414800
81898 10354850
83718 10320651
84537 10419850
83442 10399850
84150 10201506
82979 10339900
83159 10344700
81807 10454800
84363 10324800
83878 10364850
82889 10241203
84418 10162003
83067 10339800
85680 10394650
85932 10209750
83264 10177104
84060 10439900
83879 10340451
83877 10325551
84147 10484750
84868 10359950
82259 10404750
82988 10444800
81450 10454750
82718 10449900
83443 10201653
84150 10294900
83160 10439950
81899 10295752
83629 10289800
84357 10394800
84870 10251153
84546 10276101
85502 10344650
85821 10404750
82799 10340500
85652 10334950
85592 10340352
84060 10264700
84266 10369650
83718 10384850
82528 10325650
83160 10154700
85722 10375101
84779 10172052
84069 10251202
83970 10329950
82799 10399850
82719 10304850
82349 10345302
83900 10419900
84448 10329950
83517 10324700
84598 10319850
83160 10309750
83698 10379800
83079 10294850
84534 10369850
82535 10389900
84903 10304650
81718 10404800
84538 10309900
83537 10314950
84422 10236253
84266 10255553
82990 10309700
84330 10345351
83808 10399800
81446 10399900
83878 10374900
81537 10424800
83628 10419700
84870 10299700
85097 10184550
83249 10354700
84268 10404750
84331 10374850
0 600038145
85448 10275104
82437 10439900
83171 10284800
85358 10399800
84720 10349700
83970 10304650
84171 10379700
81808 10167353
83876 10344750
83250 10289700
83336 10325551
83250 10424800
82166 10384950
82626 10419950
85139 10424750
83430 10295752
83880 10206406
84174 10299650
83352 10344700
83608 10379900
85267 10281100
84148 10299950
84722 10374750
82352 10384850
83791 10459900
82536 10231402
83698 10324950
81628 10449850
83070 10275903
82717 10369700
86401 10359900
84600 10344700
83607 10314750
83443 10370101
84640 10414950
83246 10219600
84534 10305702
83607 10241352
83967 10309750
83624 10271151
83969 10329700
81806 10419850
83157 10260551
84506 10149750
85098 10266052
84507 10319850
82527 10152604
84361 10379900
84086 10249750
82980 10279650
84419 10464900
82899 10167353
84081 10226353
85050 10340451
84058 10394850
82258 10409900
85009 10324950
81536 10270204
84822 10266102
83990 10409700
83427 10324800
83248 10459950
82709 10454950
84149 10359750
82977 10201702
84508 10344650
83263 10359850
83067 10324800
82619 10444750
85652 10409850
82170 10236451
83970 10234700
84444 10196703
83340 10270302
85539 10409800
83518 10384950
83336 10269950
83264 10304600
83877 10354750
83538 10429750
83258 10249950
84956 10289700
82534 10489750
84418 10319800
84420 10344750
82800 10464900
82440 10254700
82809 10270155
84444 10271002
83532 10299800
83995 10259750
86038 10310751
86177 10334850
85228 10279800
82257 10409900
83083 10384650
85376 10310701
82349 10314800
84173 10290852
84421 10269950
83789 10325502
82259 10429900
83899 10449900
83350 10319850
82710 10379750
82708 10314800
82706 10324700
85051 10191852
83083 10226353
84960 10359750
84781 10439750
83340 10279700
83966 10394800
82800 10419850
82797 10454950
84084 10270204
84913 10364950
85722 10379700
84417 10394800
83355 10224750
83083 10374750
85006 10299800
84721 10434750
82530 10414700
85082 10289700
83626 10369750
84730 10249600
84058 10299700
85557 10414950
84731 10374700
83538 10270253
83810 10325650
84363 10276101
86761 10320601
83810 10284800
82347 10305850
83157 10214850
84239 10286001
84447 10274650
84688 10304900
82618 10265353
82626 10369850
83993 10294900
84537 10191755
85587 10314850
86009 10444900
83900 10284900
82530 10304850
83429 10266052
84548 10424950
84447 10314850
82259 10260355
84329 10344850
83340 10289750
83159 10235855
84173 10235953
83720 10364900
84059 10339700
81989 10310751
81806 10359750
83701 10285803
82901 10226601
83810 10264650
84690 10196901
82170 10279900
83970 10189700
84600 10319950
85839 10265353
82892 10449750
85928 10374850
83340 10419850
82807 10364900
83428 10299800
85357 10434800
82716 10350202
86297 10235953
85504 10339850
84332 10270302
82800 10319900
84976 10246153
81538 10231600
81986 10339950
82992 10324600
82351 10339900
83536 10335352
85836 10181902
84510 10474950
84254 10329900
82440 10459800
86768 10157651
84628 10369750
82536 10254750
82348 10305702
83993 10439700
85098 10314800
82259 10364700
82797 10365102
82710 10330501
83427 10250653
83790 10289850
82890 10329650
83263 10172253
81536 10219500
81717 10374900
83608 10449750
86161 10196802
83339 10304800
83899 10269800
82887 10330452
82992 10454850
84082 10354950
82169 10204700
82977 10334650
83990 10454750
82978 10344700
82800 10304850
83900 10339950
84329 10349750
82443 10266151
82797 10374750
82526 10340451
84913 10251202
83608 10157504
84080 10409800
85137 10339650
81897 10369800
83068 10349800
83070 10370151
82796 10266151
83160 10289850
84512 10265402
85650 10295703
85265 10276150
83340 10259700
83340 10264750
86477 10329750
84447 10254850
85445 10309950
85095 10369750
84509 10083955
84539 10224800
85409 10459750
83157 10434800
82439 10300851
84357 10305801
84916 10266102
82625 10157504
82348 10340302
82978 10281001
82980 10339700
83969 10315552
83534 10279900
83809 10171903
83352 10349850
84329 10325601
86312 10419800
83159 10339800
84241 10279650
82258 10454950
82989 10304900
84538 10256202
84175 10329750
82078 10355350
85189 10434950
83970 10439750
83904 10289650
83808 10369800
83696 10349900
83625 10244700
85138 10305751
84916 10299750
83968 10241352
83159 10419950
83159 10429850
82529 10324700
81986 10164600
84781 10236303
84720 10364950
84149 10330452
81898 10340500
84602 10424700
83788 10206751
83520 10261102
83428 10459800
84268 10349750
82977 10429900
83900 10355202
84628 10424850
87032 10340451
82810 10329800
81989 10369750
84509 10379800
82350 10379700
86197 10369800
84150 10254650
83991 10374750
84056 10201555
85050 10379900
85590 10340302
84442 10254750
83877 10389800
83700 10365102
82710 10354900
83898 10320601
82891 10299850
82977 10339850
84328 10314850
84638 10379800
85500 10424850
83720 10309850
85265 10209800
85281 10240902
82709 10201555
84355 10394950
83158 10305751
84730 10266102
83074 10399950
84815 10384900
85320 10369950
84600 10324850
82443 10285951
82534 10234800
82349 10329600
83881 10261251
83160 10409850
82617 10449950
82979 10369800
83168 10199800
84870 10309750
84362 10344700
84721 10261251
84868 10404800
84510 10159650
82439 10444750
82799 10295703
83700 10254750
83811 10264700
84510 10256103
82980 10344850
82618 10276002
84058 10339700
82350 10304800
83249 10305702
84537 10177006
84692 10464850
82444 10236451
81266 10191902
85538 10404950
84057 10359900
84539 10294800
84824 10275903
86450 10259900
85588 10369700
84786 10334750
83607 10290753
85408 10211751
84601 10249750
83700 10335451
82528 10254950
84355 10249800
81536 10246302
83902 10359850
83791 10235904
81449 10444750
83534 10314750
84240 10279750
82078 10162404
84630 10250653
82887 10360251
83158 10359850
83811 10191853
82624 10147753
85718 10374850
84149 10334900
83249 10250555
84916 10285951
83697 10305652
82616 10305702
83265 10319800
84627 10340500
82797 10335550
83172 10167206
83700 10264800
85560 10182054
85267 10261152
85008 10354650
84362 10285852
85836 10374750
83160 10284750
83159 10409900
84357 10330402
83790 10255504
82626 10379750
81720 10310751
85267 10295901
83264 10201653
83248 10204750
84598 10449950
85952 10399900
84265 10344850
82709 10246252
85162 10369850
85227 10369800
81897 10404750
83520 10261102
81989 10334900
84732 10221302
84357 10281051
86221 10409950
83174 10414900
82355 10261053
83520 10304900
82169 10275903
85558 10329750
84418 10184950
83336 10201702
84448 10294800
82082 10309850
85448 10389700
83160 10404800
82528 10269750
82352 10424900
82352 10319800
84454 10354850
83264 10355301
83533 10379800
81991 10167402
84456 10256202
83788 10274850
85744 10226403
83811 10250555
84331 10339650
85161 10439950
82809 10276150
81898 10266003
83626 10364850
82980 10314850
83170 10409700
83610 10360251
84719 10299750
84328 10189700
83336 10344750
83354 10305850
83443 10374850
84175 10349650
84914 10484850
82437 10310652
84454 10204700
85408 10299700
82527 10196704
85267 10294800
81808 10231004
82527 10300801
85268 10335451
84780 10394800
84058 10374800
83534 10280902
85631 10315651
83789 10295752
84811 10354750
82263 10314750
82442 10355152
84628 10266102
81806 10231053
83700 10359700
82350 10304650
83250 10261251
83807 10271002
85371 10219850
83081 10226452
84638 10249900
82807 10334700
83068 10226403
83808 10469950
81626 10319700
84600 10345401
85770 10274750
84357 10394700
83158 10224700
83996 10344800
84721 10299650
84448 10404750
82715 10286001
83352 10364700
87029 10275952
85631 10043253
84162 10444900
82809 10374900
83788 10295950
85465 10464750
84081 10409800
82438 10249550
84349 10354850
83431 10229850
84960 10359700
86128 10424850
83628 10459750
83900 10314750
84778 10224650
82437 10264750
84059 10434950
82533 10424800
84421 10211453
83992 10364850
84241 10236303
84539 10294750
83994 10419800
81629 10274700
85448 10269800
85680 10236402
82348 10335352
83520 10219850
82349 10414900
82978 10349750
85267 10176903
83902 10349750
83518 10394850
85051 10434750
84548 10315651
82439 10334750
83966 10454800
81446 10239700
85229 10365102
84784 10266151
83250 10374800
84060 10364700
84238 10424850
86131 10264850
83787 10289750
84444 10354750
84328 10266201
81716 10329700
83699 10269750
83902 10254850
83157 10364750
83970 10279850
84960 10409850
84602 10449900
83520 10449800
86998 10464800
82892 10142706
85002 10464850
83790 10137451
84779 10409800
83626 10259650
82980 10309750
85838 10294850
81088 10379900
83809 10214650
85227 10214950
83257 10266151
81540 10409900
82709 10414800
85449 10424750
83903 10484800
83249 10384950
85190 10249750
85095 10239800
83810 10259750
81988 10226502
82710 10409750
83786 10330551
83158 10339650
81900 10379950
83880 10454850
83535 10239900
86663 10221351
82990 10310751
83538 10226452
83430 10360251
83082 10339750
84597 10369650
82624 10409750
84731 10334750
83520 10276051
83969 10364700
82533 10344750
82442 10191951
85446 10414850
81809 10239900
85320 10214700
83700 10279700
84640 10117003
82351 10369750
86492 10444900
83538 10325650
84270 10419750
82530 10239750
85185 10459850
83790 10349800
83996 10325502
84058 10304700
83902 10275952
84060 10231402
83720 10266151
83536 10329800
83430 10374900
86762 10224550
85811 10229750
82260 10329900
83247 10414850
83068 10182001
82172 10289750
82886 10379800
82078 10374900
85410 10394900
84915 10384951
84780 10379750
82980 10429750
84270 10364850
83992 10344900
85229 10139800
82992 10379850
83518 10274700
84810 10187051
84959 10189700
84455 10177153
84960 10314800
83610 10439850
85903 10379950
85007 10399750
82979 10339900
82886 10304900
84815 10299600
82888 10285803
84084 10299650
82708 10204700
84083 10324750
82170 10369850
83521 10261201
82708 10174650
84533 10194550
83445 10414800
85320 10379850
83979 10239700
82079 10404700
85084 10294750
82989 10349900
85769 10304950
84690 10444800
84083 10299900
84271 10274800
82798 10269650
84599 10167402
84781 10354900
81628 10399850
86209 10211453
83880 10224750
85175 10246351
85953 10389900
84870 10364850
81809 10244750
83811 10177055
84639 10414750
81807 10221155
82618 10379950
83990 10409900
84062 10201702
84536 10315503
82979 10464850
85098 10429800
84730 10285852
83534 10389900
83082 10329800
83068 10310800
83610 10449900
82262 10226452
81447 10270253
82798 10309700
82799 10464750
82888 10374900
83172 10334750
84994 10149600
82257 10231501
82350 10409850
82624 10339650
84173 10261251
83250 10409900
84510 10289800
83611 10424750
82620 10305603
84627 10354850
84179 10289750
84690 10389900
85266 10295901
86490 10249850
83429 10379900
83876 10454850
82618 10344750
84815 10429900
83354 10404900
84719 10394800
84364 10324850
82719 10300900
83356 10310701
84445 10269750
83259 10439700
85374 10349750
84150 10265304
84777 10249650
83340 10404750
83718 10304750
83993 10409700
83720 10339700
83249 10419750
83701 10419750
83069 10309850
82798 10211751
84446 10256350
86571 10260502
83073 10319950
82079 10379750
84598 10414700
84362 10164600
83066 10364650
82169 10224800
82799 10389850
82527 10414800
83445 10370151
84355 10359700
84962 10259650
83968 10349750
84262 10226055
82258 10264750
84420 10206652
83881 10369750
81357 10315701
82348 10394800
85142 10184700
81360 10365151
85085 10444800
83536 10344700
82980 10354750
83968 10329650
84149 10221351
83719 10239850
85468 10274850
84150 10196752
82438 10289800
85463 10334900
83519 10167206
84088 10269750
82888 10429850
82526 10350301
84998 10314900
84058 10359750
84057 10229700
83156 10394800
84510 10269750
83249 10484900
82992 10459850
81987 10211602
82886 10359750
85743 10320651
84446 10270903
82716 10414750
81539 10384900
83790 10384800
84452 10274600
83355 10239900
83251 10439800
82797 10319700
82706 10339800
82260 10344850
85283 10266250
84691 10254800
84882 10374700
83067 10201653
83248 10369850
82077 10239700
85322 10370002
83263 10339900
83970 10344700
85499 10254800
86303 10339800
83263 10199950
83877 10219600
83610 10389800
84908 10284800
82797 10224550
82169 10239650
86829 10384902
85282 10419850
84264 10394750
83811 10216503
82261 10339650
82627 10219600
84148 10340451
82707 10315701
83426 10374850
82977 10359850
83899 10379900
83966 10310800
83070 10334750
83790 10314850
82436 10299650
83901 10409850
83610 10274900
85051 10204800
82889 10289750
82528 10369800
83173 10310553
83354 10374800
85175 10286001
83992 10289900
83790 10304900
83625 10359800
84721 10394700
81268 10359900
83535 10201851
85051 10434800
84600 10419750
85559 10349850
84363 10294750
83160 10345252
83261 10142104
84811 10334650
84056 10354800
84082 10276051
83354 10389800
83356 10434750
83697 10320502
82440 10319850
84998 10314850
83880 10123351
83978 10424900
83810 10314700
86296 10176952
83629 10384900
84867 10454750
82979 10404750
82350 10284600
86020 10369800
82258 10424700
84719 10340500
82709 10269650
83790 10439750
82439 10179800
83340 10349900
83256 10419950
84626 10344700
84355 10294900
84870 10419900
84240 10434900
82353 10254850
83791 10172204
82439 10334950
86490 10390000
85085 10196704
84057 10414750
83076 10319750
83249 10235855
83629 10334700
83879 10330452
82710 10246450
83993 10349700
86387 10370101
82979 10339700
82978 10375002
84420 10216402
83159 10269700
84420 10335550
84630 10434750
85680 10339800
83809 10244750
84719 10191901
84070 10162102
85357 10279600
83443 10275952
83445 10339700
83537 10384850
84731 10300801
82169 10259700
82888 10384900
82980 10389900
82346 10299650
82440 10194650
83990 10414700
83066 10274800
83880 10424800
83900 10364800
85904 10314650
82620 10266151
82256 10449950
83447 10241401
84422 10209800
84362 10409950
86359 10334750
83339 10374900
82528 10340352
82806 10315701
85231 10350202
82260 10339700
82888 10334800
83625 10379850
84534 10329900
83879 10335550
82890 10355350
84418 10144850
82628 10201801
86108 10264600
85356 10379800
85142 10231402
85282 10414800
81630 10289900
84721 10329750
83700 10201653
83880 10314850
85501 10241401
84721 10334850
85814 10364700
81990 10290901
85176 10167201
85138 10434750
84268 10429850
84867 10399750
84357 10339700
85255 10314900
84536 10214700
85085 10334700
83171 10364900
83717 10290852
83263 10325551
86023 10389850
83520 10320552
83628 10449950
84960 10284600
84455 10339650
82980 10294900
81540 10489900
83519 10394650
84239 10414900
82346 10324900
82890 10254950
81987 10294850
83628 10309800
84059 10279800
83610 10364800
83340 10176903
82719 10224750
86489 10414750
85050 10304700
85540 10280004
82526 10274750
82349 10255504
85046 10374900
83538 10354800
82166 10424900
83428 10276051
81900 10409850
81630 10285803
84693 10469850
84781 10350351
85284 10201653
85085 10434950
83625 10129600
85558 10424750
84902 10444750
82628 10350252
84419 10259850
84150 10221502
83701 10204700
82989 10254900
83993 10299700
85540 10309850
82262 10314850
81720 10429750
87120 10404800
83265 10334750
84812 10399800
85538 10350351
82076 10281001
84240 10304800
84599 10419950
85140 10194850
83160 10309650
82526 10305801
84732 10434850
84240 10234600
85371 10191802
82353 10314750
82442 10325551
84240 10290753
82991 10176853
83629 10169900
82627 10484900
84240 10454850
81720 10189750
83904 10469850
84629 10414850
85770 10250555
86490 10224750
84779 10389750
83258 10354650
84601 10434850
84902 10369850
86010 10133053
83698 10334800
84150 10370200
84637 10384800
85501 10429850
83160 10162201
82799 10274700
86018 10299850
83070 10299800
83168 10419850
84958 10255553
82346 10344800
84719 10314600
82890 10394850
83629 10429900
83538 10157202
83353 10157202
83628 10469800
84600 10354850
82798 10139600
81986 10439850
82620 10434800
83610 10319650
83170 10414700
83790 10324950
83993 10454750
84732 10254850
84537 10419850
86388 10484850
83790 10380100
85590 10152301
82438 10329750
82980 10345450
84417 10444950
85319 10329600
82710 10399700
83788 10147401
81720 10384850
82616 10251103
84178 10355301
83699 10214800
85927 10329750
84600 10299850
84691 10221351
81806 10409700
83720 10404700
86480 10444850
85141 10344750
81807 10269800
81807 10154750
83790 10285902
81357 10289700
0 600038145
82258 10344750
83967 10300752
85652 10414700
82890 10344800
84177 10211306
85860 10404800
82619 10340352
83608 10444750
82076 10334700
84059 10325403
84915 10179700
83903 10384800
85085 10339950
83158 10269800
82530 10345351
83520 10295802
83700 10360102
83338 10309700
82978 10370151
82081 10284800
82628 10389900
83903 10344900
86210 10359650
82807 10364850
84691 10384700
84546 10414750
82259 10289750
84718 10295703
84266 10234650
84362 10424750
85558 10329900
82888 10354800
83877 10304850
81717 10444800
82080 10334900
83520 10274800
82258 10474900
84868 10216404
84960 10305751
82899 10339800
85539 10157455
83070 10324850
82890 10344800
83341 10286050
84151 10256301
83793 10254750
83882 10201653
85500 10384750
87070 10335352
84544 10484800
83970 10221601
82440 10409700
83337 10174900
84689 10479900
82797 10221351
83428 10379850
83538 10254850
84419 10114140
84994 10164650
82715 10364700
82529 10325601
85370 10259750
83355 10204600
82706 10216651
84447 10177251
81897 10384750
82890 10294750
84639 10345252
83992 10314750
83718 10459950
85932 10284600
83340 10344800
84364 10314800
84082 10235904
84331 10167353
83720 10271101
84361 10249850
84361 10429950
82535 10454850
83426 10235904
83356 10404900
83079 10489850
84872 10484950
82709 10414750
81449 10374800
84732 10365201
82710 10439900
83904 10157406
84240 10289850
82169 10279900
83172 10319750
82619 10359900
84060 10429750
84718 10340451
83160 10359750
82082 10355152
84728 10305603
82706 10340451
84538 10319800
82533 10419700
85100 10474800
83629 10459900
85467 10355301
82173 10404850
85232 10264700
84238 10389750
81630 10234800
84535 10204650
83446 10384800
84959 10345450
83535 10216255
82980 10354850
84903 10379700
85926 10414800
81988 10310800
85084 10394800
81989 10444850
81897 10324650
81449 10380001
84364 10345302
82079 10254600
81809 10464900
83902 10434850
84272 10380051
83810 10419950
84780 10299950
85540 10147203
85264 10335402
84057 10299750
82168 10449900
85051 10290802
82710 10324650
86451 10379800
83607 10334850
83810 10364700
82528 10216451
84150 10334850
83720 10214850
86862 10355152
82706 10300851
83900 10409750
83248 10305801
82527 10236550
83697 10320700
82808 10404850
84994 10300752
83700 10339800
85002 10334750
82888 10196606
83903 10364800
82978 10271101
84782 10379900
83083 10214650
86574 10329800
84507 10354850
83879 10444800
82890 10449900
83628 10244750
85356 10374800
83080 10249900
82442 10360102
84060 10269800
85500 10394750
85164 10119600
84455 10166953
82707 10464900
82257 10349750
82887 10216503
82618 10319900
81538 10329750
83700 10234750
84071 10241352
82718 10349850
84722 10214800
82078 10320601
83790 10241253
83446 10236402
86723 10394850
83717 10310800
83160 10320552
83901 10354850
82800 10309850
84779 10389850
82438 10424800
84599 10271002
82167 10389700
84264 10261152
84689 10349900
82260 10249600
82439 10181803
86309 10404800
83993 10266201
81897 10274900
84539 10244850
87633 10189500
83787 10374700
84781 10389750
83067 10429800
84690 10349900
83788 10359650
83808 10320502
83787 10235904
83810 10274700
83349 10229700
85914 10319800
81450 10172002
83516 10340451
83609 10167451
84810 10181902
84241 10254900
83250 10374650
83625 10294600
84690 10290802
85498 10335501
83430 10285951
82533 10271151
85649 10370101
84869 10324800
85744 10394750
83809 10279850
84448 10374750
85100 10290802
84060 10294750
83786 10285951
81539 10251351
84599 10194800
84419 10329800
83520 10334950
83257 10310751
87032 10399800
81990 10310652
85409 10324900
83968 10309850
84239 10181906
84086 10264900
83355 10249850
83626 10194800
84599 10201554
83628 10330600
86037 10324700
84059 10374900
84268 10226153
84147 10449950
83356 10189800
85085 10379800
81360 10239750
84597 10274700
84545 10334900
85720 10194600
84330 10444800
83248 10350202
83968 10384750
85930 10294800
85140 10434750
82799 10275952
84086 10329650
83082 10409700
83517 10299700
81896 10274900
83608 10290802
85358 10389850
84443 10264700
85929 10345401
84629 10314750
85558 10204850
84444 10196802
82078 10384700
82990 10339750
83534 10271200
84511 10280004
83516 10350400
85837 10309750
85767 10429950
82440 10339800
85447 10329800
84626 10365102
83791 10350202
83520 10339900
83446 10419900
84916 10344600
82439 10324650
82806 10194800
84993 10330402
85358 10394950
83610 10264900
84719 10340500
84993 10245851
81448 10374800
82980 10244850
83628 10219800
83428 10364700
86104 10229700
83809 10181955
82984 10191902
83900 10355202
82719 10191654
86164 10236051
84537 10300851
83248 10291000
84914 10334850
82617 10324800
83809 10459850
84056 10152103
81446 10399800
83256 10079202
84086 10289900
83247 10189750
82258 10229750
84811 10375150
83250 10294700
82983 10429750
85267 10299800
85136 10365052
82715 10359900
84180 10459850
85006 10374850
85094 10319750
85266 10235953
85860 10289850
81450 10274700
82530 10204800
83969 10339750
85679 10256301
83355 10334850
82718 10271151
84418 10419950
82706 10439950
84147 10234800
82438 10339700
82170 10259850
82534 10304650
82079 10304900
83810 10231303
83079 10345401
84824 10454950
84628 10309800
81357 10334750
81806 10325452
83518 10369850
84959 10374750
84809 10221253
83700 10275202
83447 10289900
83789 10414800
83248 10414850
82445 10359750
83787 10264550
86494 10142302
83791 10320453
84179 10179650
82353 10150856
85744 10444800
83340 10234800
82619 10319750
82976 10249950
84510 10260502
83812 10295950
85407 10254600
85770 10150953
81897 10294800
81717 10226251
81717 10260551
84902 10280053
84421 10279750
82979 10275952
84870 10189650
83356 10419850
82890 10162355
86039 10479800
81087 10320700
82901 10344750
84963 10454900
85230 10379800
82800 10265255
82886 10494800
84721 10444900
83879 10270953
84060 10211652
82527 10259600
84453 10256053
81629 10340352
84356 10154450
84080 10324800
83699 10349850
83718 10221453
84420 10309700
82980 10251351
84903 10399900
84417 10216353
82078 10285951
85409 10389800
81900 10344750
83520 10399800
82259 10264750
84900 10335550
83790 10339850
84904 10285951
84976 10309600
82798 10339750
85050 10349800
82710 10226153
85177 10414850
83993 10309900
82168 10264800
83717 10384800
85746 10325502
83787 10285852
82440 10330452
82796 10434800
85446 10295802
84240 10284650
84354 10314850
84058 10359850
82534 10134650
83966 10264650
83811 10419950
86083 10314700
84600 10231501
84631 10339800
82170 10344900
84510 10092852
82809 10374850
83340 10164550
85046 10211503
83340 10226650
84540 10340451
84328 10221453
82899 10379750
83720 10159950
85652 10300702
83356 10309650
85746 10289700
85231 10325452
84812 10354850
81990 10239850
84348 10230906
84356 10330353
82890 10424800
82166 10359700
86670 10339750
85742 10279600
84821 10384800
84271 10374800
82530 10389800
83700 10209750
82706 10239600
84640 10434800
84510 10444750
82719 10459950
83262 10354800
85560 10459750
83970 10325502
85770 10439900
83173 10434850
82980 10299750
84242 10285951
84151 10259850
83629 10254600
82980 10279600
84547 10246450
83336 10389750
82169 10132353
83250 10299700
84545 10294650
83610 10379950
86635 10154900
85770 10424850
85450 10177104
84060 10211355
83537 10226104
83903 10216353
84599 10177006
86581 10216453
84176 10300752
82080 10469800
83070 10354850
83718 10186704
84419 10286001
83259 10359750
84084 10374750
83811 10329700
85836 10304750
84691 10142902
84330 10289600
83068 10404900
83626 10339800
82527 10246203
84420 10279800
83626 10419700
84356 10384852
83427 10464750
84628 10184700
82810 10284950
83444 10271151
82980 10409700
83426 10365201
85191 10399700
84823 10344900
83427 10324900
84081 10379900
82806 10199650
82527 10409800
85174 10334800
84510 10088855
85229 10439750
82166 10424950
85859 10320552
83536 10254850
83904 10310800
85192 10339900
82707 10152153
86211 10251153
83349 10239850
82707 10206406
84071 10299800
84693 10294800
83440 10314850
84599 10384750
81719 10454900
83445 10221651
83447 10394750
83068 10309750
83157 10304950
85410 10389750
83627 10231102
83519 10374900
86177 10284950
85949 10269800
83340 10409750
83969 10384750
83440 10399900
86201 10305652
84419 10309650
83519 10234600
85085 10369750
81718 10369900
81719 10290951
83355 10320601
83427 10196802
85175 10266003
84780 10286050
82796 10300801
83700 10299850
82708 10276051
82887 10304900
85444 10249800
83877 10329800
83992 10384950
84268 10314900
83720 10246302
81450 10349750
83791 10226452
83249 10186855
84722 10384800
82980 10449750
82080 10231452
83808 10305801
83790 10329800
83627 10449750
84357 10300900
81629 10289800
83427 10454800
82888 10414950
84870 10384750
82889 10349750
81719 10214750
84720 10274850
83879 10305801
86388 10364900
82348 10274850
85283 10355152
81896 10339700
84083 10274750
86210 10404800
81356 10370151
83878 10290852
84812 10359800
82708 10219750
83160 10324700
83902 10330452
83808 10349700
84693 10229700
81536 10444800
85083 10439850
83338 10259700
82536 10289950
81990 10234750
84630 10147753
83809 10374900
83520 10211602
83066 10201702
83877 10474950
81448 10409750
84060 10429800
85632 10359850
85500 10261251
81629 10269650
81810 10290852
84721 10274800
82617 10419750
83159 10419900
85005 10449800
85744 10201702
84538 10389700
84269 10369800
85468 10234600
84973 10394700
83789 10369850
82438 10394700
84356 10349650
85449 10269600
82260 10295703
82079 10305801
84264 10211751
83337 10122403
82618 10299650
81991 10244650
85318 10404850
85679 10389750
84355 10329800
85500 10289650
83518 10314800
83903 10464850
85539 10216701
84240 10289850
81626 10350252
84902 10249800
81900 10304600
83969 10325551
83880 10305751
84536 10314700
85653 10239700
84779 10231151
85137 10244650
84239 10399750
85140 10274650
84536 10409900
83881 10364850
84540 10329850
81986 10254550
85741 10201653
86177 10281051
81899 10334800
83340 10364900
85000 10359750
82437 10394850
84916 10394850
82172 10374900
84779 10226650
83537 10454800
84418 10235904
83698 10394750
83070 10325452
84330 10404700
85915 10172253
83447 10374800
83699 10339850
85741 10374750
83789 10399750
83338 10310652
86849 10344750
82527 10214700
81180 10204900
84915 10359700
85358 10254750
83720 10379900
82715 10449900
84448 10414700
81896 10344850
82349 10249850
83611 10226502
83976 10469800
85373 10236002
81538 10104850
85175 10289800
83444 10419750
81627 10266151
83158 10206406
83811 10229750
84180 10389850
82889 10226006
83339 10184800
84812 10271052
81990 10359750
84598 10191804
85837 10236051
82256 10339850
83609 10334900
83083 10439750
82706 10349750
83264 10384850
82628 10221651
83447 10269750
81630 10315552
83608 10182053
83993 10284750
86084 10325502
83719 10295802
83336 10244750
84353 10384902
84600 10239900
83339 10399750
82887 10339700
85319 10226055
81626 10159600
83535 10384700
81719 10305603
82989 10369650
83718 10339650
84266 10419850
84330 10309600
82980 10310800
84329 10259800
83898 10219950
82889 10254700
82260 10330402
84869 10241302
84151 10324900
83445 10444900
83520 10324850
83260 10314700
82256 10259750
83264 10229800
83258 10171903
83629 10294900
83430 10290901
82169 10424750
82889 10260404
85050 10399900
82619 10284750
82082 10255651
84084 10224650
85772 10344900
84174 10279800
84990 10320502
85096 10189850
83066 10364850
85050 10365151
84081 10344750
83718 10379750
83263 10315651
83697 10214750
83989 10241253
84916 10281051
83789 10179750
84448 10314950
84265 10325650
83628 10079550
83880 10214800
85814 10264750
82529 10359700
83340 10444850
82349 10189750
82169 10269700
85323 10284900
83427 10229700
82442 10250604
83902 10304800
83627 10424900
83807 10469950
84510 10379700
84905 10274600
83443 10355301
82901 10269900
85096 10304850
84507 10374952
82528 10224550
82444 10235953
84264 10181952
84151 10314800
85771 10284700
84265 10286001
84510 10299900
81990 10294700
83067 10389951
83066 10424850
84362 10414850
83789 10424900
83790 10369850
82806 10354950
83701 10221601
83610 10294800
85173 10290901
83352 10329850
82438 10251351
83883 10349850
84688 10309800
84419 10339750
84441 10219850
81899 10409800
85358 10284800
85008 10251202
83979 10454750
84869 10335352
85000 10334800
82797 10359900
85232 10354750
85499 10269800
82798 10484800
84868 10324850
85377 10261053
83444 10221155
86006 10374700
85499 10304600
83349 10320502
83070 10284750
84358 10469950
85741 10179800
83900 10350400
84057 10369800
86131 10280952
82443 10279950
83519 10399750
84627 10224600
84732 10260355
82355 10374900
82710 10246302
84915 10206751
85860 10394750
82796 10369750
84421 10261251
84085 10274750
84084 10196901
82977 10290802
81540 10266201
83696 10221651
84688 10404850
84539 10369750
84810 10319850
83720 10359850
84901 10325551
84148 10409750
85928 10329900
83430 10319700
83902 10429900
83261 10364850
82624 10229650
81720 10280053
81809 10274800
82257 10409950
84780 10349700
82351 10221253
83520 10330402
85540 10344950
84811 10454750
82349 10379700
83994 10339700
83807 10239950
83159 10419950
85840 10157455
84904 10340401
83173 10319800
82260 10259650
84815 10399700
81989 10266052
81989 10334700
84271 10294700
83811 10404850
85372 10404950
84266 10324700
84960 10350252
82901 10329650
84057 10394850
84907 10394850
82992 10264650
83256 10201702
85230 10275104
81538 10244700
84512 10290901
83901 10261152
82535 10364700
84636 10299750
83172 10409750
85005 10231600
82628 10389800
85176 10239700
84361 10194600
82439 10369700
82798 10274700
83878 10355350
83720 10434750
83877 10349750
83993 10246401
83790 10256251
81539 10329800
85950 10314800
82437 10204650
83070 10394950
82526 10261152
83340 10279800
84600 10334900
84266 10464950
86020 10310701
82980 10329700
82169 10265255
84824 10364750
85320 10364750
83430 10384950
82890 10309800
85724 10344800
84329 10276051
82797 10334750
84630 10439950
83536 10299600
84149 10234750
81897 10249700
84264 10274700
82258 10454750
82166 10479850
83444 10305801
82350 10339900
85007 10409800
82626 10204700
83610 10279800
83445 10399900
83626 10285852
82710 10369850
84721 10324850
83170 10429750
82168 10340401
84238 10244850
84990 10191853
83070 10174550
82258 10249850
84914 10204900
82625 10459950
82990 10364750
87216 10364850
83519 10359900
82798 10419750
85371 10284800
83159 10295802
83265 10299650
85932 10236253
83535 10404900
85095 10379950
85358 10439750
85373 10324850
85467 10429850
83165 10305702
85726 10299950
85175 10241302
82628 10181955
83173 10295752
84630 10264600
82628 10315701
83902 10289950
85318 10300851
82719 10324850
84084 10339900
84087 10364650
83625 10256251
84058 10315503
84812 10399850
83970 10319800
84598 10339650
84266 10264750
82536 10439900
83534 10201702
84362 10271002
83336 10251153
83082 10399750
83519 10369700
83521 10369900
84640 10369750
82078 10354750
82527 10354700
84266 10394850
85721 10464750
85590 10340451
83625 10339750
82798 10409900
84907 10334750
84239 10404800
83072 10404800
83265 10329800
82901 10285902
81180 10364850
84533 10399700
83628 10399850
82257 10219850
83173 10241302
82710 10216453
84176 10479800
82618 10379850
84329 10429850
84640 10355301
84058 10284900
84418 10226153
83168 10464750
82616 10364900
82707 10439900
86221 10329850
83902 10216602
83445 10339750
83428 10419800
82810 10259800
85357 10379750
84719 10334650
85590 10246302
84629 10269750
83901 10199800
82888 10224650
83068 10236303
84721 10209600
81628 10255455
83610 10434850
87228 10251252
84272 10334750
82889 10264850
81899 10320601
83159 10414700
82259 10434750
85650 10264750
83520 10309650
82801 10320502
82077 10216602
83608 10329700
86581 10384750
85724 10250653
83876 10309600
84901 10404700
81716 10269800
83165 10286050
83068 10354650
83607 10274800
84059 10404750
84537 10236002
83427 10315651
81270 10354750
83537 10344900
82800 10264700
83878 10309750
84638 10324950
85281 10459850
83172 10449800
84148 10299850
85095 10389800
83340 10459950
83788 10330402
82890 10364750
84812 10284850
83070 10319700
84866 10329850
83808 10259800
83625 10319900
85464 10340500
0 600038145
82259 10284900
86952 10329850
82355 10369850
83698 10389750
85085 10434850
82167 10174800
82889 10399750
83698 10289700
84080 10269700
82526 10319950
82167 10374750
82620 10429800
84088 10309800
84990 10364750
85371 10274600
85284 10201653
81806 10294700
83250 10249750
83627 10266102
84448 10201752
82347 10259800
84163 10284800
85539 10147606
85650 10469800
82977 10329700
86100 10250555
83811 10251202
82625 10370101
83259 10240951
83249 10260404
85996 10434750
83967 10370151
85318 10384700
83698 10284750
81896 10256152
84242 10434900
83070 10167304
85772 10274700
84688 10159650
84510 10259700
83899 10374750
85374 10419750
85230 10310602
83627 10404850
83808 10424800
83519 10364850
82707 10439850
81990 10339900
83160 10269800
85500 10369750
81810 10244650
82798 10364750
84056 10244850
84417 10314950
83428 10379900
84721 10454800
84150 10264650
84146 10309700
82080 10335550
83158 10354800
84240 10345351
84448 10399800
82710 10454950
85140 10369800
82169 10334650
85097 10276101
81988 10284600
84350 10375002
84630 10355152
84239 10325502
84420 10259750
83249 10324800
83902 10269650
83880 10289650
84509 10294850
83994 10369800
85746 10359800
85162 10284750
84240 10244700
81627 10474900
85540 10304800
83629 10464800
82807 10159600
84084 10279900
83067 10314800
84330 10289800
81269 10424750
82080 10334650
84328 10479800
82888 10189750
83789 10281100
82350 10206603
82436 10339650
81718 10359900
85085 10319750
82440 10315552
84867 10329700
84959 10299850
83157 10354750
82618 10265255
86221 10329650
83246 10309750
84814 10314750
83535 10389850
84509 10236303
81716 10324900
82436 10274650
85094 10344800
83250 10414750
82890 10315503
83717 10340352
83609 10370101
84357 10340401
85497 10379650
81896 10274850
84171 10414800
85093 10429900
81536 10409800
82260 10429850
86477 10414900
82624 10309800
84265 10324800
82800 10276150
82807 10330402
82991 10324900
83996 10240853
84240 10304750
82890 10364850
83083 10310701
83609 10304800
82979 10314850
84420 10211453
85633 10359700
83352 10231452
84640 10157553
87123 10269850
82619 10419900
84719 10364850
82346 10221453
84534 10344750
83445 10444750
81809 10250555
83520 10164800
86583 10369850
84453 10344900
83993 10349800
85050 10315602
82167 10459750
84597 10479750
85356 10469850
83520 10324900
82170 10444900
85557 10429750
81446 10359700
84996 10350202
82991 10201555
83971 10229700
82797 10214750
81630 10364900
85407 10279650
83250 10255455
84326 10329750
83879 10364800
83699 10201554
84059 10449750
84779 10235953
81986 10249700
85267 10329800
84868 10419750
85049 10246302
84330 10369850
85096 10334950
83160 10274850
81446 10179850
82526 10409950
83977 10271101
82169 10300702
85450 10365201
86177 10214700
85539 10384850
84082 10339850
84780 10226452
86040 10194800
82798 10434800
84538 10269700
84824 10300702
82797 10484800
83968 10379900
84361 10354800
83428 10279750
83444 10380100
82355 10314750
83990 10204750
84240 10259800
84455 10355301
82800 10256350
84240 10304750
82445 10464800
85652 10449900
82530 10234900
85176 10369800
85281 10211800
81989 10093853
84507 10334750
84598 10359800
83996 10399900
82716 10304750
83264 10429750
83700 10289650
83970 10129900
84330 10339650
84148 10330452
84355 10339750
82887 10355202
84780 10414900
83810 10419800
84357 10324750
83351 10380051
84447 10414900
85000 10419750
82527 10374850
83355 10255504
83249 10309750
87392 10349750
85680 10344950
83079 10354750
84172 10214650
84330 10349950
84059 10325650
85256 10132955
82620 10419900
83898 10329700
83520 10454850
83430 10354800
83264 10259600
83791 10099500
85082 10404700
82446 10369750
84418 10414950
82259 10304850
83174 10414950
85321 10289750
83158 10249650
83249 10330452
83969 10354900
83609 10299850
83429 10266151
82619 10269650
83902 10409700
83609 10206602
83810 10239800
82439 10269800
83610 10419900
85188 10254650
83877 10304850
84356 10219850
82800 10314800
83066 10474900
85836 10339650
83970 10304900
82526 10269850
81987 10286050
85051 10399750
84870 10364850
84815 10206850
84149 10224900
83789 10289850
84149 10310701
83624 10329900
84448 10329900
84909 10259850
85228 10264800
82171 10404850
85589 10349850
81450 10324800
87216 10250751
82979 10444800
82258 10349750
84239 10226601
84781 10244750
84545 10349750
83446 10177104
82438 10369800
83718 10379850
82890 10354950
84960 10274850
83081 10369800
84173 10299900
82259 10419850
83339 10199700
85191 10144600
84084 10364950
82989 10319650
84994 10379850
85654 10459750
82710 10369950
83901 10339800
84147 10459950
83610 10394850
84629 10211602
84357 10324650
83902 10221552
83250 10464950
82980 10345302
83535 10414800
82710 10249850
85099 10369800
85590 10364650
83081 10229650
82706 10264750
85973 10294850
81177 10269750
85932 10394850
82262 10374750
83444 10344950
84355 10319700
84256 10324900
86398 10429750
83249 10409750
83809 10340500
84824 10389800
81987 10359850
83082 10269800
84992 10206652
84994 10143246
81360 10304650
82166 10201653
83534 10409850
85408 10344700
83260 10464800
83264 10274850
84959 10344850
84510 10245802
84628 10241302
83786 10325601
84236 10344800
86221 10279650
86302 10235953
83430 10310652
83339 10389852
82169 10334850
83903 10374700
85001 10219550
82436 10354800
83717 10226601
82445 10434800
83068 10281051
82800 10169600
85285 10404700
84326 10274650
83174 10289950
83789 10404850
83261 10334900
83516 10374650
83265 10329750
83607 10244800
81540 10484750
84239 10350301
82079 10359750
81896 10304600
82534 10219800
82716 10299800
83608 10389900
85412 10359850
83446 10314750
83265 10369800
82527 10284750
83533 10429950
83445 10229950
85905 10259800
82716 10304850
83881 10249650
82172 10464750
82897 10305702
83160 10245851
84059 10206602
84600 10409900
84357 10294850
83607 10271101
85975 10334800
84176 10389900
83339 10206553
83878 10226502
81630 10484900
83628 10349800
83159 10369750
83789 10414750
83790 10404700
82807 10379700
83880 10309850
85318 10264750
84994 10479800
83609 10334750
83881 10259550
82716 10235953
83256 10314850
85374 10330452
82625 10334800
84810 10384800
83350 10354750
82260 10329850
85467 10330501
85536 10334800
82799 10449950
82709 10305652
85160 10394700
84354 10484900
82799 10364700
83446 10214550
82079 10424750
81806 10261102
84416 10239700
83900 10319800
83898 10464750
84909 10325502
85409 10329750
83969 10314700
83787 10414850
84960 10251400
83811 10414900
81900 10359750
84902 10224750
83538 10196653
81809 10399700
81628 10144550
84165 10191802
84535 10251301
84637 10289700
81807 10394900
85448 10369650
85539 10429900
84778 10196604
84146 10234650
83518 10269800
86310 10335402
85407 10354850
83520 10270302
81448 10299850
82976 10216503
82991 10289750
82979 10414850
84600 10186902
82264 10409750
86223 10429850
82168 10319750
83250 10334900
82887 10224750
82439 10355251
83700 10255455
84178 10404800
82257 10319900
84146 10226153
84821 10309800
85140 10399750
83967 10349900
85051 10305751
83878 10231402
84262 10409900
83172 10201603
84327 10394850
84637 10274900
84909 10189750
83900 10284750
82256 10171903
83810 10469750
83069 10299800
82808 10360201
82446 10344900
82446 10201702
84329 10384800
83609 10394900
81717 10199750
82530 10454750
84546 10364750
82533 10469800
84081 10290802
82708 10231501
84786 10290852
83247 10329800
84689 10359900
82256 10271002
82259 10295851
83160 10344850
84448 10374800
82897 10300801
83996 10469950
82535 10259950
83700 10089051
85860 10269750
85175 10339850
83352 10201506
84810 10324900
84510 10464800
87542 10360102
84780 10354700
83789 10245851
84420 10219650
84903 10304750
84627 10231551
87299 10305652
84730 10324850
84510 10434900
84363 10454800
82980 10080135
83606 10414900
84357 10344800
85086 10259700
84270 10279800
84904 10304700
81449 10239750
83535 10364800
84446 10269850
82530 10359950
83720 10285803
83791 10394700
83430 10254750
83610 10359650
84242 10384850
85164 10266250
83428 10404700
84364 10191852
83340 10319800
84600 10414900
85140 10429700
83697 10379952
84060 10260551
84445 10324800
82984 10275952
85278 10344700
81540 10299800
84902 10359900
84602 10310701
82618 10245753
85268 10424700
82348 10345302
82979 10319650
85046 10315602
81806 10449800
83628 10394750
82708 10211551
85971 10271200
83073 10444850
83609 10345252
83628 10409700
85173 10269850
84266 10365102
81359 10399850
83899 10184850
83170 10334650
83262 10226403
83877 10256301
82350 10234950
83352 10255602
85409 10419950
84780 10349800
86040 10349800
83904 10122502
85320 10394850
81627 10319850
84824 10439800
83789 10167304
83249 10241253
84084 10384900
83812 10256251
84812 10239750
83444 10339750
85652 10329750
86204 10329800
82889 10305751
84266 10319600
84146 10409900
82798 10414750
85741 10384800
82261 10394800
81627 10226601
85722 10394750
83337 10394800
83698 10429850
84548 10269800
83624 10319750
83901 10329850
81807 10325650
85502 10294600
83426 10309650
85257 10434750
84443 10320502
85630 10389700
84812 10354800
83354 10289850
82707 10364900
85948 10214800
84781 10334800
83970 10345450
85835 10309800
83263 10309750
82258 10394800
84901 10329650
83164 10169550
82076 10201751
84783 10204950
85742 10269800
85450 10394850
83072 10289750
83166 10364800
82167 10164600
82988 10249750
85050 10335501
82886 10399800
85633 10290852
86724 10389800
81987 10399700
84719 10429950
84174 10339950
81539 10285902
85005 10319650
84539 10414800
84239 10261053
84639 10315750
84150 10364900
83991 10329750
82886 10284900
85376 10254600
82616 10459950
85995 10354700
83790 10424700
81988 10265255
84958 10399850
83066 10334750
83970 10340500
85320 10359900
84688 10334900
84421 10375150
82627 10196703
82077 10269850
82981 10319800
83993 10294750
82708 10330551
83339 10191753
83431 10340302
85320 10409850
84354 10469900
83717 10289900
84509 10459750
85320 10189650
83076 10374950
82901 10269900
83790 10360251
82256 10284650
82798 10206602
82349 10369750
83790 10249550
83445 10350351
84629 10409850
83992 10300801
84152 10235953
83535 10294750
85992 10239550
82706 10214800
83879 10344800
85408 10354750
82989 10284900
83517 10204750
83720 10271052
82890 10424950
83519 10359850
83248 10245851
82077 10290753
82889 10419850
82707 10224850
83719 10350351
81629 10434850
83339 10329700
83902 10389800
82167 10266250
83899 10214800
82620 10251252
85467 10384800
83538 10434900
83520 10191804
83791 10404900
82170 10314750
82890 10314950
81629 10219900
85319 10224800
86954 10419750
82527 10354800
83249 10157651
84959 10244550
84236 10354850
84354 10214550
82800 10369900
82977 10324800
83719 10409750
84448 10309800
84179 10279750
82529 10384800
83446 10259600
82082 10369850
82078 10419800
85904 10206652
84690 10187002
83901 10404800
82890 10184650
84068 10270204
85375 10389800
86202 10221354
85560 10254700
82351 10340500
86905 10184950
84813 10291000
83519 10389750
84420 10384852
84538 10224600
82980 10459800
83625 10319600
84637 10339700
82710 10314700
85008 10299800
82349 10329850
84692 10196704
83070 10429750
83789 10384951
84870 10274750
82897 10284850
84150 10295851
84915 10339900
85268 10365250
82889 10284750
81807 10379700
82992 10300900
82889 10444950
81716 10314750
82708 10214600
84870 10419750
83787 10414950
84995 10320700
83609 10330402
85189 10264850
84511 10319800
82980 10186904
85067 10279850
83880 10251351
84420 10325452
84176 10236002
84596 10172155
84721 10434750
83968 10444750
83991 10300851
82347 10304850
85051 10474950
82618 10299600
83696 10339850
84815 10354650
85101 10444950
82438 10339850
84421 10315750
83720 10269850
82977 10191753
