3 199998
7 200000
4 199997
1 199997
1 199993
1 200000
1 199997
2 199999
2 199999
2 199998
1 200000
2 200000
2 199997
3 200000
5 200000
3 199999
4 200000
3 200000
1 200000
7 200000
5 199997
3 199997
4 200000
1 199999
1 199996
2 200000
4 200000
2 199989
2 199999
3 200000
1 199999
2 199997
2 200000
1 200000
6 199999
1 199999
1 200000
1 199998
3 199998
2 199999
4 200000
3 200000
1 200000
1 200000
1 200000
2 199997
5 199988
2 199997
1 199999
3 199999
1 199999
3 199999
1 199999
2 199998
3 200000
4 199998
4 199999
1 200000
1 200000
8 199999
4 199998
3 200000
2 200000
2 200000
10 199998
2 200000
4 199993
2 199999
1 199999
1 199996
9 200000
1 200000
1 200000
1 199999
2 199999
1 200000
1 199999
1 199997
5 200000
7 199999
1 199998
3 199999
2 200000
7 199998
3 200000
2 199995
1 199997
1 199999
3 199998
1 199999
1 200000
2 199994
2 199998
3 199999
1 199996
1 200000
1 200000
1 199996
5 199999
3 200000
1 200000
1 199999
4 200000
3 200000
2 200000
2 200000
1 199997
2 199999
5 199998
7 199997
4 200000
2 200000
1 199996
1 200000
3 200000
1 200000
5 200000
3 199994
1 199996
2 200000
2 199998
7 200000
2 199999
1 200000
10 199999
1 199998
1 199997
3 200000
2 199998
5 199995
1 199995
2 199999
2 199998
1 199998
2 200000
6 200000
1 199999
1 199999
9 200000
2 200000
2 200000
2 199999
2 199999
2 199998
6 199998
1 200000
4 199998
1 199999
2 200000
2 199999
4 199997
1 199999
1 199998
2 199994
1 200000
4 200000
1 200000
2 200000
2 199996
1 199997
2 199998
2 199997
1 200000
2 200000
2 199997
3 200000
3 199999
4 199999
3 199997
2 199999
2 200000
1 199999
3 199999
10 199998
1 200000
1 199999
7 199996
1 199993
1 199998
1 200000
2 199999
6 199998
15 199995
1 200000
8 200000
1 200000
4 199999
3 199999
3 199998
3 199996
6 199998
3 199999
2 200000
1 199996
2 199998
4 200000
4 199999
3 199995
5 199998
2 200000
6 199994
1 199990
2 199998
3 200000
2 200000
5 200000
3 199995
2 199999
1 200000
1 200000
3 200000
1 199999
1 199999
1 200000
2 199999
4 200000
5 200000
1 200000
1 199998
1 199999
2 199996
1 200000
3 199998
5 199999
1 200000
4 199995
6 199999
2 200000
2 199997
1 199999
1 199997
3 199999
2 199999
1 200000
4 199998
3 199996
2 200000
2 200000
2 200000
5 199999
3 200000
1 199998
5 199999
3 199997
2 199995
3 200000
3 199996
2 199997
10 200000
1 200000
1 199991
7 199999
3 200000
2 199998
2 199999
2 199999
2 199999
2 199996
6 200000
1 200000
2 200000
1 200000
1 199996
2 200000
3 200000
2 199997
4 199999
1 199999
4 199999
1 199999
2 199998
11 199994
2 199998
2 200000
1 200000
4 200000
1 199996
1 199999
7 199994
4 199999
2 199999
2 200000
3 200000
3 200000
1 199999
1 199999
2 199999
1 200000
4 199999
2 199999
1 199994
1 199997
1 200000
1 199996
2 200000
5 200000
4 199999
2 199999
1 200000
1 199997
1 200000
2 200000
1 199997
4 199998
1 199996
4 199998
3 199998
4 200000
3 199999
2 200000
3 199991
1 199999
3 200000
1 200000
1 199999
1 200000
7 199997
2 199998
2 199995
7 200000
3 199999
1 200000
4 199999
1 199996
1 200000
2 199996
3 200000
3 199998
1 200000
5 199999
2 200000
4 200000
1 199999
2 199997
1 199999
3 199995
1 199999
3 200000
1 199999
1 199999
2 199999
2 200000
2 199998
1 199994
1 199999
3 199999
7 199995
7 199996
4 199999
1 200000
1 200000
1 200000
2 200000
2 200000
1 199998
3 199999
3 199999
1 199999
1 199996
2 199998
1 200000
2 199998
3 199998
1 200000
4 199998
4 200000
4 199998
5 199998
2 199999
3 200000
2 199999
1 200000
1 200000
1 199998
8 200000
1 199999
4 200000
3 199998
2 200000
1 199998
3 199995
18 200000
8 200000
1 200000
3 199998
9 200000
1 200000
4 200000
4 199999
5 200000
3 200000
10 199995
1 200000
3 199997
7 199995
1 199998
3 199998
4 199998
3 199997
1 200000
2 199999
2 199999
3 199998
4 199999
1 200000
2 199999
1 200000
11 199999
3 199997
1 199999
7 199999
3 200000
1 199999
2 199998
1 199998
1 199998
2 200000
1 199998
2 199998
1 200000
2 199999
2 200000
1 200000
2 200000
1 200000
1 200000
1 199999
3 199999
7 199994
2 199999
2 199999
2 199997
3 199996
6 199997
1 200000
2 200000
4 199998
1 199999
1 199996
1 200000
3 199994
3 199999
2 199999
1 199995
1 199996
1 199999
7 199997
1 200000
1 199998
1 199998
2 200000
2 199996
2 200000
2 199998
4 200000
2 199999
1 199999
1 199998
1 200000
1 199992
2 199997
1 200000
1 199999
2 200000
1 200000
8 200000
1 199999
2 199999
3 200000
1 199999
1 199998
1 200000
4 200000
2 199997
4 200000
2 200000
1 200000
4 199999
4 199999
2 199998
2 200000
5 199998
1 200000
4 199999
6 200000
2 200000
1 200000
2 199999
3 199999
1 200000
3 199993
1 200000
2 200000
5 199998
1 199999
3 200000
1 199998
3 199999
5 200000
1 199999
1 199999
1 200000
3 200000
5 200000
3 199999
1 199998
3 199998
3 199995
2 199998
2 200000
1 199997
2 200000
1 200000
4 200000
2 199996
1 200000
1 199991
2 199997
1 199998
1 200000
1 199998
1 199999
8 199996
1 200000
2 199998
2 200000
1 199996
1 199998
2 199997
1 200000
6 200000
2 200000
2 200000
3 200000
2 200000
6 200000
1 199999
5 199999
4 200000
3 200000
1 199995
2 199997
1 200000
3 199996
1 199997
1 200000
1 200000
2 199999
2 199993
2 199994
2 200000
2 199997
1 200000
1 200000
10 200000
5 200000
2 199996
1 200000
3 199991
3 199997
1 199998
1 199999
6 200000
3 199997
4 199999
2 199999
4 199999
5 200000
2 199999
2 199999
1 199999
4 200000
2 199995
3 200000
1 200000
8 200000
3 199999
1 200000
1 199999
1 200000
1 200000
3 199994
1 199999
4 199996
3 200000
1 200000
1 199998
2 199998
2 200000
1 199995
1 199998
2 199996
2 199994
5 199995
1 200000
4 199996
6 199997
2 199997
7 199997
2 200000
3 199999
3 200000
2 200000
1 199994
2 200000
7 199998
2 200000
2 200000
1 199999
1 199999
4 200000
2 200000
1 199998
2 199994
2 199998
7 200000
1 199996
3 199992
5 200000
1 199999
3 200000
1 199999
3 200000
2 199997
5 199998
1 200000
5 199999
1 199999
2 200000
2 199999
25 199996
1 199998
3 200000
2 199999
2 199991
1 200000
4 199999
2 199997
3 199999
8 199996
3 200000
1 200000
2 199999
1 199997
6 199999
3 199997
1 200000
1 199998
1 199997
1 199998
1 199999
2 199998
1 199999
1 200000
2 200000
2 199998
2 199994
1 200000
4 200000
1 199999
2 199999
1 199997
1 199998
2 200000
3 199999
1 199998
1 199999
1 199998
3 199997
2 200000
3 200000
6 200000
2 200000
2 199995
1 199999
1 199994
5 200000
2 199999
1 199996
3 199997
3 200000
3 199998
2 199999
1 199999
4 200000
3 199998
1 199999
3 199998
2 199995
2 199999
2 199998
2 199999
4 199999
2 199996
1 200000
9 199999
1 200000
1 199998
5 200000
2 199999
1 200000
4 200000
1 199998
1 199996
2 199996
5 199998
2 200000
2 199997
1 199999
3 200000
1 199998
4 200000
2 199997
3 199998
2 200000
3 199999
4 199997
2 199998
7 200000
2 200000
1 199998
1 200000
3 199999
2 199999
1 199996
2 199994
5 199998
4 199999
4 200000
3 200000
2 199996
1 199998
1 200000
4 200000
3 199999
6 199999
1 199997
1 199999
1 199998
1 199998
1 200000
4 200000
1 199999
4 199997
1 199999
2 200000
1 199997
6 199998
1 199999
1 199999
2 199999
3 199998
5 199996
3 199997
3 199999
1 200000
5 199999
4 199999
2 199995
1 200000
2 199997
2 200000
3 199998
1 199996
4 199999
2 200000
1 200000
3 199992
1 200000
2 199998
9 199997
2 199995
4 200000
1 199999
2 199999
1 199993
2 199998
1 199999
2 200000
1 199999
2 199999
5 199995
1 199999
2 199999
3 200000
4 200000
1 199998
3 199988
1 200000
1 199998
2 199995
1 199998
4 199998
1 199999
3 200000
1 199998
6 199999
2 199999
1 199999
1 200000
1 199988
3 199999
2 200000
1 199998
2 199998
1 199999
3 199995
12 199998
1 200000
7 200000
7 199999
3 199998
3 199998
3 199998
4 199997
1 199999
1 200000
1 200000
2 200000
1 199998
5 200000
3 199999
8 199996
2 200000
2 199993
5 199999
3 199998
1 199996
2 199999
3 200000
2 199996
2 199999
1 199999
1 199997
1 200000
2 199998
1 199997
3 200000
1 199997
1 199997
1 199999
3 200000
4 199999
4 200000
2 199999
1 199990
5 199995
1 199996
8 200000
2 200000
2 200000
1 199996
2 199999
1 199998
2 200000
3 199999
3 200000
1 199999
1 200000
1 199999
1 199999
6 199999
5 199997
4 200000
1 200000
1 199998
2 199998
1 200000
4 200000
2 200000
17 199999
3 199998
1 199996
6 200000
5 199999
4 199999
10 199987
7 200000
5 199999
3 199996
1 200000
1 199998
2 199998
4 199998
1 200000
3 200000
7 200000
5 199997
4 199999
1 200000
1 199999
1 200000
5 199998
2 199999
2 199997
1 200000
6 199998
2 199998
2 199995
1 199999
1 199997
3 200000
3 200000
1 199997
1 200000
1 200000
1 200000
1 200000
2 199999
1 199998
4 199998
2 200000
1 199997
4 200000
2 199998
2 199999
4 199997
1 199995
2 200000
3 199999
10 200000
1 200000
1 199995
2 200000
10 199998
1 199996
1 200000
2 199996
3 200000
1 200000
4 199998
1 199995
2 200000
3 199993
2 199996
1 200000
7 200000
2 199999
2 200000
1 199997
4 199998
1 199999
2 200000
1 200000
2 199999
7 199998
2 199999
2 199998
6 200000
1 199999
1 199995
3 200000
1 200000
1 200000
3 200000
2 199997
2 200000
8 200000
1 200000
3 200000
2 199998
1 199995
3 200000
3 200000
2 200000
1 199998
1 199997
3 199998
8 199998
2 199998
1 200000
2 200000
3 199998
3 199999
3 200000
2 199998
1 200000
1 199997
4 199999
1 199989
9 199999
1 199999
1 199998
5 199996
2 199998
1 199997
18 199999
6 199996
1 199999
6 199999
4 200000
2 199994
1 199993
2 199999
2 200000
3 199996
4 200000
2 199999
2 199999
1 200000
2 200000
1 199999
1 199999
2 200000
2 199997
1 200000
2 200000
2 199997
2 199998
3 199999
1 200000
1 199998
2 199999
2 199997
2 200000
1 199999
4 199999
7 199999
2 199997
2 200000
10 199998
2 199994
2 200000
3 199995
1 199999
1 199999
1 199999
1 199996
3 200000
1 200000
1 199998
2 200000
5 200000
4 199998
2 199998
3 200000
1 200000
1 200000
8 200000
2 199995
6 200000
1 199994
1 199998
3 199994
1 199999
2 200000
1 199999
6 200000
0 600038145
2 199997
1 199998
1 199998
2 200000
1 199995
1 199996
1 199999
2 199998
3 199996
2 200000
3 199983
1 200000
1 199999
5 200000
6 199999
2 199999
2 199997
1 199999
2 200000
4 199998
1 200000
1 200000
4 199999
3 200000
2 199999
1 200000
7 200000
1 200000
5 199995
1 199994
1 200000
1 199999
1 200000
1 199999
4 200000
1 199998
1 200000
1 199996
7 200000
6 200000
1 199997
1 199999
3 199999
1 199999
2 199998
1 199998
6 200000
1 200000
4 199997
2 200000
2 199996
1 199993
4 199991
6 199993
3 200000
4 199998
4 200000
3 199999
1 199999
3 200000
7 199997
4 200000
4 199999
3 199999
1 199996
1 199991
1 200000
1 199998
3 199999
2 199997
1 199999
1 200000
5 199997
1 200000
4 200000
8 199999
1 200000
1 199997
1 200000
1 200000
6 200000
3 199997
2 199998
2 199999
1 200000
1 200000
1 199994
6 199999
1 200000
1 200000
5 200000
2 199998
4 199996
5 200000
9 200000
2 200000
1 199993
1 200000
3 200000
1 199997
2 199998
2 200000
1 199999
1 199999
1 199999
2 200000
3 200000
2 199999
1 199991
6 199996
2 199999
2 199999
1 200000
6 199999
3 200000
1 200000
4 199998
4 199999
1 199998
3 199999
1 200000
9 199999
1 199999
3 199999
5 199996
1 200000
4 199999
5 200000
2 200000
1 200000
1 199991
1 199998
6 200000
1 200000
3 199999
1 199999
6 200000
4 199996
1 200000
3 199996
1 199999
1 199994
1 199999
4 199995
4 200000
1 199998
1 200000
1 199998
1 200000
2 199999
10 200000
1 200000
3 200000
5 199991
1 200000
4 199996
6 200000
1 199998
4 199997
1 200000
1 199999
3 200000
5 199999
2 199996
1 200000
1 199998
1 199999
1 200000
2 200000
1 200000
7 200000
7 199998
17 200000
2 200000
4 199995
4 199996
3 199996
3 200000
3 200000
1 200000
1 200000
2 200000
2 199998
3 199999
5 199999
1 199999
1 199995
1 200000
3 200000
3 200000
3 200000
5 199998
3 200000
1 200000
3 200000
2 199999
2 199995
1 199998
4 199997
5 199997
2 199998
1 199997
1 199998
2 200000
3 199999
10 200000
2 199999
3 199998
1 200000
4 199998
6 199998
1 199994
2 199997
5 199999
3 199999
3 199999
1 199996
2 200000
1 199997
2 199995
3 200000
1 199997
2 200000
3 199999
2 199999
2 199999
6 199999
1 200000
2 200000
4 199998
2 199998
1 199998
1 200000
2 199998
1 200000
1 199999
2 199998
1 199997
1 200000
2 199996
3 200000
2 199998
1 199999
3 199999
3 199998
7 200000
3 200000
6 199995
1 199998
2 199991
3 199999
4 199998
2 200000
3 199999
1 200000
2 199998
3 200000
7 199993
6 199998
6 199999
7 199998
2 199999
1 199998
5 200000
1 199998
1 199993
2 200000
2 200000
1 199989
2 199998
1 199996
2 199999
5 200000
2 199999
2 199998
1 199997
2 200000
2 200000
10 199992
2 200000
1 199999
2 200000
5 200000
7 199997
2 199999
4 200000
1 199992
1 200000
1 199998
2 199999
3 200000
1 199998
2 200000
2 200000
1 199995
2 199997
2 199999
2 200000
4 199999
2 199994
1 200000
4 199995
1 200000
2 200000
2 200000
1 199999
2 199999
4 199995
1 200000
1 199996
2 200000
1 199996
3 199997
1 199999
2 200000
1 199999
1 200000
3 200000
4 200000
1 199995
1 199997
5 199999
4 199999
1 200000
1 199996
4 200000
1 199996
2 200000
5 200000
5 199998
2 200000
2 199998
2 199992
2 199997
3 199998
2 199999
2 200000
4 200000
3 199999
1 199996
1 200000
3 200000
2 200000
1 199999
1 200000
2 199996
1 200000
18 199997
3 199995
7 200000
3 199994
3 200000
4 199999
1 200000
3 199996
2 200000
5 199999
3 199998
1 200000
1 200000
4 199995
1 199999
4 200000
1 199994
1 200000
2 199999
2 199993
1 199998
3 200000
1 199998
4 199994
1 200000
2 200000
4 200000
2 200000
3 199992
1 200000
1 199999
5 200000
2 200000
4 199997
2 200000
1 199997
1 199998
3 199999
4 200000
4 199997
3 199999
2 200000
1 200000
7 200000
2 199998
1 199999
2 199999
2 199998
5 200000
1 200000
1 200000
1 200000
2 199999
1 199996
1 199999
1 199996
1 199995
2 199997
5 199997
2 200000
3 200000
2 200000
1 199999
2 199999
1 199998
2 199998
1 199997
2 199998
1 199998
2 199998
1 200000
4 200000
2 199999
2 199998
1 199991
1 200000
1 199999
5 199996
1 200000
1 199999
2 200000
1 200000
5 199999
1 199998
7 199992
1 200000
1 199999
2 199998
5 200000
5 200000
2 200000
8 200000
2 199999
1 199999
3 199999
3 199998
6 199998
2 199999
1 200000
1 200000
5 199997
2 200000
1 200000
1 200000
2 200000
4 200000
4 199996
5 199999
5 199999
4 199997
2 200000
3 200000
2 199999
2 199999
5 200000
1 199996
3 199996
1 199996
6 200000
2 200000
2 200000
1 199999
2 199998
4 199999
2 199997
2 199998
2 199999
1 200000
1 200000
4 199999
1 200000
2 199998
2 200000
1 199997
4 200000
8 200000
1 199999
1 199999
1 199990
2 200000
2 199995
1 199999
2 200000
2 199999
1 199996
4 199998
6 200000
1 199999
2 199999
3 200000
1 199997
4 200000
6 199996
1 199999
3 199998
4 199999
6 199999
2 200000
1 199999
1 200000
1 200000
2 199997
1 199999
1 200000
1 200000
3 199998
1 200000
4 199995
2 200000
2 200000
1 199997
3 199998
2 200000
1 200000
1 200000
9 200000
1 200000
2 200000
1 200000
1 200000
3 200000
1 199999
2 199990
1 199994
1 199999
1 200000
2 199999
2 200000
5 199999
1 199999
1 199997
2 200000
5 200000
2 200000
1 200000
8 199998
1 199991
2 199996
1 200000
3 200000
2 200000
2 199996
1 200000
2 200000
9 199999
1 199999
5 200000
8 199999
2 199997
3 200000
4 199996
3 200000
2 199999
2 199994
1 199999
4 199999
4 199995
2 199999
10 200000
3 199998
2 199997
4 200000
3 199998
2 199995
3 199998
2 200000
2 199993
3 199998
4 199999
1 199998
2 200000
1 199993
1 199998
7 199999
4 200000
2 200000
9 200000
2 200000
2 199997
1 199999
1 200000
3 199992
3 199997
1 200000
5 199999
4 200000
3 199998
1 199999
2 199996
2 199998
1 200000
4 199998
2 200000
1 199999
2 199998
3 199999
1 200000
1 200000
1 200000
5 199998
1 199999
5 200000
1 199996
2 200000
1 199998
2 199993
1 199999
1 200000
1 200000
2 200000
4 199998
1 199998
3 199999
1 199998
3 200000
1 200000
1 200000
1 199994
2 200000
3 199999
1 200000
6 200000
9 200000
3 200000
2 199999
1 199995
2 200000
2 200000
1 199993
4 199999
2 199998
3 199998
2 199999
1 199994
7 200000
2 200000
2 199999
2 199998
2 199999
6 200000
7 199999
3 199993
2 200000
1 200000
1 200000
1 199999
1 200000
2 200000
1 199997
2 200000
1 199998
1 200000
1 199999
2 200000
5 199999
1 200000
6 199999
1 199998
8 199999
3 199998
1 199999
5 199995
3 199997
1 199995
1 200000
1 200000
1 199996
5 200000
1 199995
3 199999
1 199999
3 200000
1 199999
1 200000
3 200000
1 199996
1 199999
5 199998
1 200000
1 199998
1 199995
4 199998
2 199999
5 199995
5 200000
3 199989
3 199999
1 200000
2 199999
1 199999
1 200000
1 200000
5 199999
3 199996
1 200000
1 199999
1 200000
2 200000
2 199999
4 200000
1 200000
1 199992
1 199999
1 200000
2 199997
3 200000
5 199998
1 200000
2 200000
2 200000
11 199996
8 200000
1 199998
1 199998
2 199999
1 199999
1 200000
1 199998
4 200000
14 199997
2 199997
1 200000
6 200000
2 199998
1 199998
6 200000
2 199998
2 199997
1 199999
8 200000
1 200000
2 199999
2 199992
5 199998
6 199998
3 199998
2 200000
3 199999
2 199998
1 199997
1 199999
4 199999
1 199993
2 199999
2 199999
2 200000
3 200000
2 199999
1 199999
2 200000
1 199999
1 200000
2 199999
3 199997
4 199998
2 200000
3 200000
1 199997
1 199999
1 199999
4 200000
1 199995
3 199999
2 200000
1 199998
1 199997
1 199998
1 200000
1 200000
2 199999
2 200000
3 199997
1 200000
2 200000
3 199999
2 200000
4 200000
1 200000
1 199999
1 199994
3 199999
1 200000
4 199999
1 199999
3 199999
1 200000
1 200000
1 199996
1 199998
11 199997
3 199990
1 200000
4 199997
1 200000
3 200000
1 199998
1 199998
1 200000
1 200000
4 199999
1 200000
1 199999
3 199995
5 199995
2 200000
3 200000
6 199998
1 199999
1 199999
1 199997
1 199999
4 200000
1 199999
1 199999
1 199998
1 200000
2 199998
1 200000
4 200000
4 199998
3 200000
1 200000
2 200000
3 200000
2 200000
1 199999
2 199998
2 200000
1 199998
12 199998
1 199998
7 199999
4 199999
3 200000
2 200000
1 199998
1 200000
2 199999
1 199999
11 200000
3 199998
1 200000
1 199999
8 200000
2 200000
3 200000
1 199998
4 199997
1 200000
2 200000
2 200000
6 200000
1 199996
5 199996
3 200000
3 200000
9 200000
2 199991
5 199997
1 200000
1 200000
2 199994
3 200000
2 199999
3 200000
1 199998
1 200000
3 200000
2 199997
6 199998
1 199999
4 199998
3 200000
1 199998
3 200000
4 199998
2 200000
3 200000
2 200000
1 199999
2 200000
2 199999
4 199998
2 199998
2 200000
5 200000
1 199999
1 200000
1 199998
1 199997
1 200000
2 199996
1 199997
3 199997
1 199997
4 199998
3 199999
4 199999
1 200000
2 199999
1 200000
5 199997
4 200000
1 200000
1 200000
2 200000
2 200000
5 199999
1 200000
1 199996
1 200000
9 200000
1 199996
5 200000
4 199999
1 199997
1 199998
2 199997
1 199997
2 199995
2 199999
2 199993
4 200000
12 200000
1 199998
1 199993
15 199999
6 200000
1 200000
2 199999
2 199997
1 200000
1 199998
2 200000
2 199999
6 199998
1 199994
3 200000
7 200000
1 199999
2 200000
4 200000
1 200000
7 200000
2 200000
1 200000
3 199997
1 200000
5 199997
2 199999
5 200000
1 199994
1 200000
5 199999
3 200000
4 199999
6 199997
2 199996
1 200000
2 199998
6 199999
2 199998
1 200000
1 199998
3 199999
1 200000
3 199999
3 199997
1 199996
1 199996
1 199997
1 199998
1 199994
2 199998
2 200000
4 200000
9 199999
1 199999
2 200000
3 199995
4 199998
1 200000
1 199999
6 199997
1 200000
2 200000
5 200000
5 199998
1 200000
2 199998
2 199999
8 200000
4 199999
2 200000
1 200000
3 200000
2 199999
9 199998
6 199999
8 200000
1 200000
3 199999
2 200000
1 200000
2 199998
1 200000
1 199998
1 199998
1 199999
1 199999
4 199992
1 200000
1 200000
1 199996
5 199995
4 199999
3 199997
2 199999
5 200000
1 199998
1 199999
1 199994
1 199998
2 199999
1 199998
1 199999
1 200000
1 200000
1 199997
6 199993
2 200000
5 199999
1 200000
1 199996
3 200000
2 199999
2 200000
6 199996
2 199999
2 200000
1 200000
0 600038145
3 199998
3 199997
1 199999
2 200000
2 199999
2 199999
3 199999
1 200000
5 199998
5 200000
1 200000
3 199999
2 199998
1 200000
3 199998
1 199999
3 200000
1 199999
3 200000
3 199999
1 199998
1 200000
3 200000
3 200000
2 200000
1 200000
1 200000
4 200000
6 199996
3 200000
1 199998
8 199999
1 199998
1 200000
8 199998
2 200000
1 199998
1 199999
1 200000
2 200000
3 199999
3 200000
5 199998
2 200000
6 199999
2 199998
3 200000
1 199999
2 199996
4 199999
3 199997
1 200000
2 199998
1 200000
1 199999
3 199997
1 200000
1 199996
2 199998
3 199996
1 199992
1 199997
3 200000
4 200000
2 199998
2 199999
1 200000
4 199996
2 200000
1 199999
2 199997
3 200000
1 199994
1 200000
5 200000
2 199999
2 200000
1 199999
5 199997
4 200000
2 200000
1 200000
1 199998
1 200000
2 199998
3 199999
1 199999
4 199998
2 199999
2 199996
3 200000
1 200000
7 200000
1 199999
1 200000
3 199999
3 200000
4 200000
5 199999
1 200000
1 200000
1 200000
3 200000
2 199998
1 199997
1 199999
1 199992
2 199999
1 200000
4 199998
1 199999
3 199995
2 200000
1 199998
4 199998
5 199997
2 199999
3 199997
1 200000
5 200000
6 200000
1 200000
1 200000
3 200000
4 200000
1 199995
2 200000
10 200000
1 200000
3 199998
2 200000
1 199999
1 200000
4 199998
1 199997
2 199998
4 199999
4 200000
4 199997
2 199997
4 200000
1 199998
1 200000
1 200000
4 199999
1 199999
2 199999
1 200000
2 200000
2 200000
3 200000
3 199997
2 199999
5 200000
1 199999
1 200000
1 200000
5 199997
1 200000
2 200000
3 200000
1 200000
3 199999
2 199998
5 199997
2 200000
3 199997
3 200000
2 200000
1 199992
1 199999
1 200000
1 200000
1 200000
1 199996
1 200000
4 199999
2 200000
5 199997
2 200000
2 200000
1 199998
1 200000
2 199996
1 199995
2 200000
2 199999
1 199995
3 199999
3 199997
8 200000
4 200000
4 200000
2 199999
1 200000
1 199999
2 200000
2 199997
2 199997
3 199999
2 200000
3 200000
2 199999
2 199999
3 200000
3 199999
6 199997
1 200000
1 199999
1 199995
2 200000
1 200000
4 200000
5 199996
1 199997
2 199998
1 199998
2 199996
2 200000
2 199999
1 199998
1 199995
3 199993
2 200000
4 199999
3 200000
2 199997
2 199999
1 199999
1 199999
3 199999
1 199997
7 200000
1 200000
5 199999
5 200000
4 200000
1 200000
2 199999
4 200000
2 200000
2 200000
5 199999
1 200000
1 199999
4 199998
2 199995
3 199990
3 200000
4 199997
1 199999
3 199992
1 199998
4 200000
1 199997
3 199995
1 199999
2 199999
1 199997
1 199996
3 199999
1 200000
4 199998
1 200000
2 200000
2 200000
1 199991
1 199996
2 200000
2 199999
1 199998
4 199997
1 199999
1 199999
1 200000
3 200000
7 199998
10 200000
1 199995
5 199999
1 199999
5 200000
1 199996
1 200000
2 199997
2 199999
1 200000
4 199999
3 199998
3 199998
1 199997
1 200000
2 199994
3 199997
4 200000
1 199995
3 200000
3 200000
2 199998
1 199993
5 199999
3 199991
1 200000
2 199998
2 199999
1 200000
4 199996
3 200000
1 200000
3 199998
3 199999
1 200000
2 200000
1 199998
10 199997
1 199998
2 199998
3 199998
1 200000
1 200000
3 199999
2 199997
1 199999
1 199996
1 199998
1 199999
2 200000
3 199999
4 199999
2 200000
1 200000
10 199999
8 200000
3 200000
2 199998
1 199996
3 199997
1 199995
2 199997
2 200000
6 199999
2 199998
2 199999
1 199999
1 199999
7 199999
3 200000
2 200000
4 199996
1 199999
3 200000
4 200000
5 199997
6 199999
1 199999
4 199999
1 199997
1 199999
1 200000
1 199994
1 199999
4 199999
5 200000
1 200000
9 199999
3 199998
15 199997
1 200000
2 199997
4 199999
3 200000
2 199996
3 199997
1 199995
6 199998
5 200000
4 199998
2 199998
2 199992
2 200000
1 200000
1 199999
2 199989
2 199998
2 199997
1 199993
8 200000
2 200000
2 200000
4 199997
1 199998
5 199993
4 199999
1 199998
6 200000
1 199998
5 200000
1 200000
2 199999
3 199999
1 200000
3 200000
5 200000
2 199995
1 199999
1 199998
3 199998
7 200000
8 200000
8 199998
3 199998
1 200000
1 200000
1 199990
3 199998
2 200000
1 199994
2 200000
3 199996
1 199999
4 199996
5 199999
6 200000
3 199997
1 199999
1 199999
1 199995
3 200000
4 200000
1 199999
6 199994
1 199999
3 200000
3 199998
1 199998
5 199998
2 199994
1 200000
3 200000
2 199995
4 199999
3 200000
4 200000
2 199999
2 200000
3 199997
2 199999
7 200000
2 200000
1 200000
1 199998
2 199998
1 199997
6 199998
2 199999
2 200000
1 199998
9 199996
2 199998
6 199995
5 200000
2 199998
2 199999
1 200000
2 199997
3 199999
2 200000
3 199998
1 199993
2 200000
2 200000
5 199998
1 200000
1 199999
2 199984
1 200000
2 199999
5 200000
2 199998
2 200000
1 200000
1 199997
3 199999
1 200000
3 200000
8 200000
1 199999
2 199997
1 200000
1 199996
2 199999
5 200000
1 199999
1 199993
2 199999
1 199996
2 199997
1 200000
2 200000
1 199996
2 200000
1 199997
1 200000
5 199999
1 199995
1 200000
1 200000
3 199999
3 199998
1 199997
6 200000
2 199997
3 200000
4 200000
1 199999
3 199996
4 200000
2 200000
1 199996
2 200000
3 199998
4 199999
5 200000
3 200000
4 199998
1 200000
6 199998
1 199998
1 200000
1 199995
3 199999
8 199992
2 199997
1 199998
11 199999
5 200000
5 200000
1 199997
1 200000
1 199996
2 199997
4 200000
2 199999
2 200000
1 199997
3 199995
2 199999
4 199999
1 199999
1 200000
1 199999
1 199997
2 199995
1 199999
3 200000
4 200000
8 200000
1 199999
1 199998
3 199996
3 199996
2 199993
11 199993
2 199999
1 200000
2 199998
1 199997
1 200000
1 199998
1 200000
1 199995
2 199992
3 200000
1 199998
1 199999
3 199999
1 199998
3 199999
1 199999
3 200000
1 199997
1 199998
4 200000
2 199999
1 199999
3 199995
1 199996
4 200000
2 199995
2 199999
2 199999
1 199998
3 200000
1 200000
1 200000
1 200000
3 199995
1 199993
4 199998
1 199996
1 199994
7 200000
1 199997
3 199999
5 200000
2 199985
4 200000
5 199999
3 200000
2 200000
7 199999
2 199998
7 199997
1 200000
6 200000
3 199997
2 200000
3 200000
2 199999
2 199999
5 199998
4 199998
1 200000
6 199999
1 200000
2 199998
2 200000
2 199996
2 200000
1 199998
2 199999
1 199999
1 199999
2 200000
2 199998
1 199995
1 200000
2 199994
1 199998
2 199998
1 199998
1 199995
2 199998
2 199992
1 200000
4 199999
1 199999
1 199996
1 200000
1 200000
5 200000
3 199999
3 199996
4 200000
2 199994
1 199998
7 199997
2 200000
3 200000
1 199999
2 199999
2 200000
3 199999
3 199999
3 199999
5 200000
1 200000
7 199998
6 200000
3 200000
2 199996
1 199998
5 200000
2 199999
1 199999
17 200000
4 199999
1 199997
1 200000
1 199991
1 199999
4 199998
9 199999
1 199997
1 199999
4 199999
2 200000
1 200000
2 199998
2 199999
1 200000
4 199995
3 199999
2 199997
5 200000
2 200000
1 199999
1 199999
1 199998
1 199998
4 199999
3 199999
1 199998
1 200000
1 199996
10 199998
4 200000
1 199996
3 200000
3 200000
4 199999
1 199999
1 199997
1 200000
2 200000
3 199999
1 200000
2 199999
1 200000
7 199998
1 199998
2 199999
2 199999
1 199997
2 200000
3 199999
5 200000
3 199998
1 200000
1 200000
1 199999
1 200000
1 199997
2 199998
3 200000
1 200000
4 200000
8 200000
2 200000
3 200000
6 199998
2 199999
1 199997
3 200000
4 199999
2 200000
7 199997
2 200000
1 199998
5 199999
3 199999
2 199999
1 199999
4 200000
2 199999
2 199999
2 199999
1 200000
1 200000
1 199999
1 199999
3 200000
4 200000
5 200000
3 200000
2 200000
2 200000
2 200000
8 200000
1 199997
3 200000
2 199998
4 200000
4 200000
3 199999
1 199999
1 199999
1 200000
1 199994
1 200000
2 200000
1 200000
3 199998
1 200000
11 200000
3 200000
2 199994
1 199998
1 200000
2 200000
4 200000
1 199991
1 199996
2 200000
3 199999
3 199998
4 199999
4 200000
3 199999
1 200000
4 199999
6 199999
7 200000
2 200000
2 199990
1 200000
2 199998
1 199998
1 199999
2 200000
2 200000
1 200000
1 200000
1 199995
1 199998
3 200000
5 200000
5 199999
2 200000
2 199999
1 199999
2 200000
3 199997
2 199995
2 200000
1 200000
2 199999
3 199997
1 199998
3 200000
2 199998
5 200000
5 199999
2 199998
1 200000
3 199999
4 199998
5 199999
2 199997
3 199997
1 199999
1 200000
3 199999
1 200000
3 200000
1 199999
2 199997
1 199999
1 200000
7 199999
2 200000
1 200000
3 200000
2 199998
2 200000
5 199999
3 199992
5 199997
1 200000
7 199994
3 199999
1 200000
3 200000
6 199996
1 199999
2 199999
7 199996
3 200000
3 200000
5 199998
1 199996
1 200000
1 199999
2 199998
2 200000
1 200000
1 199999
4 199999
8 199999
2 199999
4 200000
1 200000
1 199998
6 200000
2 199997
1 199993
2 199998
1 199999
2 199999
1 200000
1 200000
5 199998
1 200000
3 199999
2 199999
1 200000
2 199996
5 199999
1 199999
1 199999
2 200000
3 199996
1 199994
1 199997
2 199999
10 200000
10 199999
2 199994
1 199996
1 199998
1 199998
7 199998
2 199997
1 200000
5 199999
4 199995
4 199996
6 199999
2 200000
7 200000
2 199999
5 199998
1 200000
1 200000
2 199996
1 200000
7 199995
1 199999
1 200000
1 199999
5 200000
8 199999
5 200000
1 199998
2 200000
4 200000
1 200000
1 199997
4 199997
4 200000
2 199997
6 200000
1 199993
3 199998
3 199999
2 199998
1 199995
2 199995
2 199999
2 199998
2 200000
1 199997
1 199997
2 200000
1 199997
3 199996
2 199998
1 199998
3 199999
7 200000
1 199996
3 199999
7 200000
2 200000
12 200000
1 199999
4 199996
1 199997
1 200000
6 200000
1 199999
3 199999
4 199999
1 199999
4 199998
3 200000
1 199999
1 200000
1 199997
1 199996
1 200000
6 200000
2 199998
3 199996
1 199994
2 199999
2 199999
9 199998
1 200000
1 199998
1 199993
3 199999
9 199998
4 199998
1 199998
1 200000
5 199999
3 200000
1 200000
2 199997
2 199999
6 200000
1 199999
5 199993
1 200000
3 199996
1 200000
1 199999
2 200000
3 200000
1 199998
1 199998
1 199998
4 199999
2 199999
4 200000
2 199997
1 199998
1 200000
3 200000
1 200000
1 200000
2 199999
1 200000
1 199990
1 199997
1 199998
2 200000
2 199999
2 199998
3 199998
5 199999
1 199997
2 200000
1 199998
1 199999
1 200000
1 199999
1 200000
7 199998
1 200000
8 200000
3 199998
2 199998
5 200000
1 199998
2 199999
0 600038145
3 199999
2 199999
1 199999
1 200000
1 200000
2 199991
4 199996
1 200000
5 200000
1 200000
1 199999
1 199999
1 199997
1 199997
2 199996
3 200000
3 199999
1 199995
1 199996
3 199999
2 199998
1 200000
3 199998
1 199999
1 199999
1 200000
1 199997
2 200000
3 199999
1 200000
5 199998
1 200000
1 200000
1 199995
1 200000
2 199996
6 199994
2 199999
2 199999
1 199999
4 199998
3 200000
6 199997
1 199999
2 199998
1 199999
1 199999
4 199998
2 200000
1 200000
1 199998
2 199999
1 199997
3 200000
7 199998
1 200000
2 199999
2 199998
1 199997
1 199995
7 199996
2 200000
1 200000
1 199999
2 200000
4 199998
6 199995
5 199993
1 199999
3 200000
3 200000
4 200000
2 199997
1 200000
2 199999
2 199999
3 199999
1 199997
1 200000
2 199998
2 200000
1 200000
1 199998
1 200000
4 200000
3 199999
5 200000
9 200000
2 199998
1 200000
1 200000
3 199998
2 199995
1 199997
1 200000
1 199998
1 200000
1 199998
7 200000
2 200000
2 199997
2 200000
2 199998
2 199996
3 199999
2 199999
2 200000
2 199999
3 199993
1 199998
4 199999
1 200000
5 200000
1 199996
2 199998
5 200000
1 199997
11 200000
4 199994
2 199999
1 199994
1 199996
1 199994
1 199997
1 200000
2 199999
1 199999
3 199997
2 199998
1 200000
2 200000
4 199999
6 199998
1 199998
1 200000
1 199996
1 199998
7 199995
1 199995
3 199998
8 200000
1 200000
6 199995
2 199995
2 200000
1 199998
2 199997
2 199996
3 199995
4 199999
1 199998
2 199999
3 200000
7 199999
1 199997
2 199994
2 200000
2 199997
4 199999
1 200000
1 199993
1 199999
3 200000
6 199998
5 199999
1 200000
2 199997
2 199998
1 200000
1 199999
2 199999
1 200000
1 200000
2 199999
4 200000
4 199999
1 200000
1 199999
5 200000
2 199997
4 199999
1 199996
5 200000
2 199992
3 199999
2 200000
5 199998
1 199998
3 199999
8 199998
4 199999
2 200000
2 199997
4 199998
3 199995
3 200000
1 200000
5 199997
3 200000
1 199998
1 200000
4 200000
2 200000
2 199999
1 200000
3 200000
1 199999
6 199999
2 199999
1 200000
1 199994
3 199999
1 200000
1 199997
4 200000
4 200000
1 199999
3 199998
3 199996
1 199997
3 199999
3 199998
1 200000
4 199995
1 199993
3 200000
1 200000
1 200000
2 200000
4 200000
1 200000
1 200000
1 199998
4 200000
6 199998
4 200000
5 199999
6 199997
4 199999
7 199996
2 199999
2 199996
3 199996
2 199997
7 200000
1 200000
1 199999
4 199994
1 200000
1 199993
1 199996
2 199998
1 199998
3 200000
2 200000
1 199997
1 200000
1 199997
2 199998
4 200000
3 200000
1 200000
3 200000
2 200000
1 199994
2 199993
5 199997
1 200000
1 199997
6 200000
1 199997
1 200000
2 200000
4 199999
2 199999
3 199991
1 199999
6 199997
2 200000
2 199999
10 200000
1 200000
1 199998
1 199998
2 199997
2 200000
2 199998
4 199996
1 199999
2 199999
3 200000
1 200000
7 199998
3 199992
1 199998
1 200000
5 200000
1 199997
2 200000
2 200000
2 200000
5 199999
3 200000
3 200000
3 200000
1 199996
2 200000
3 199997
1 200000
1 200000
1 199998
4 200000
1 199999
1 200000
1 199999
1 199997
1 200000
1 199999
4 199998
2 199998
7 199999
3 199998
3 200000
4 199999
1 200000
3 200000
1 199999
5 200000
1 199999
1 199998
1 200000
4 200000
3 200000
8 199998
2 200000
1 200000
2 200000
1 200000
2 199999
1 199999
1 200000
4 199999
1 200000
5 200000
4 200000
1 199997
1 200000
1 200000
2 199996
4 199996
2 199998
7 199997
10 199999
1 199999
2 199999
6 200000
2 199999
1 199999
2 199999
5 200000
6 199996
3 199997
4 200000
1 199999
1 199996
1 199997
3 199998
1 200000
5 200000
1 199999
5 200000
3 200000
2 199999
1 199999
1 199998
2 199996
2 199998
6 199997
3 200000
7 200000
1 200000
1 199997
1 199998
1 200000
1 200000
1 200000
4 199998
4 199999
2 199999
1 200000
1 199998
1 200000
2 200000
1 199999
2 200000
4 199996
2 199999
3 199993
1 199998
2 200000
2 200000
1 200000
2 199998
1 199996
3 200000
2 200000
4 200000
1 200000
1 199994
2 199997
2 199999
7 200000
4 200000
1 200000
1 199998
6 199997
1 199999
11 200000
3 199998
5 200000
3 199996
1 199994
4 199999
1 199997
6 199997
1 199995
1 199991
3 199997
1 199998
1 200000
9 200000
3 200000
2 200000
2 199999
2 199999
3 199998
2 200000
6 199996
2 200000
3 200000
1 199998
2 200000
3 199997
2 199999
5 199994
6 199999
6 199998
2 199996
3 199994
2 200000
3 200000
1 200000
2 200000
1 199995
4 199990
6 200000
2 200000
9 200000
2 200000
1 199999
1 199998
1 199999
2 199995
5 200000
2 199998
1 199996
2 199999
2 199999
1 199999
3 200000
1 199999
2 200000
2 199996
1 199999
2 200000
3 199999
3 199999
1 199999
2 200000
3 199999
4 199996
3 199999
1 200000
1 199989
5 199998
1 199998
1 199996
1 200000
2 199999
4 200000
1 199994
4 200000
2 199997
1 200000
1 199997
1 200000
1 199998
4 199990
1 199995
4 200000
2 199999
3 199999
4 200000
1 200000
4 200000
3 199995
1 200000
2 199998
4 199999
1 200000
1 200000
2 199997
1 200000
1 199999
2 199995
1 199998
2 200000
2 199999
1 199994
4 200000
14 200000
5 200000
1 200000
1 200000
2 199995
2 199997
2 199999
3 200000
3 200000
2 199999
2 199999
5 199998
4 200000
2 200000
1 200000
1 199998
5 199996
1 200000
6 200000
2 199999
1 200000
1 199999
1 199999
1 199990
2 200000
1 199999
2 199995
4 200000
2 199999
4 200000
2 199996
6 199999
1 199997
2 199999
4 199998
1 199997
3 199999
2 200000
2 200000
3 200000
1 199998
2 200000
2 200000
6 199996
1 200000
2 200000
2 199995
3 199994
1 200000
1 199997
2 199998
2 200000
1 200000
3 200000
1 199998
2 199998
1 200000
2 200000
1 200000
1 200000
7 199998
4 199989
1 200000
2 200000
7 199997
2 199996
3 200000
3 199997
1 200000
7 199999
2 199997
3 199998
1 200000
3 200000
1 199998
1 200000
1 199998
1 200000
2 199998
1 199999
4 199997
1 200000
1 200000
7 200000
2 200000
1 199993
1 199992
1 200000
3 199999
1 200000
2 199998
1 199991
10 199998
3 199996
2 199998
2 200000
2 200000
3 199995
1 199982
2 199996
5 199999
2 199998
2 200000
1 200000
1 199998
1 200000
1 199998
6 199999
1 199996
3 199999
1 200000
1 200000
4 199994
1 200000
1 199999
1 199998
4 199996
1 200000
7 199997
5 200000
4 199996
4 199999
5 200000
1 199995
1 200000
3 199994
1 199996
4 199993
8 199998
2 199998
1 199999
5 199999
3 199998
3 200000
5 200000
4 199996
1 199997
1 200000
2 200000
5 199999
1 199997
1 200000
1 199999
7 199999
1 199999
2 199998
1 199994
1 200000
8 199994
2 199999
1 199999
1 200000
3 200000
1 200000
3 199999
4 199999
1 199998
6 199999
4 199991
2 200000
1 199999
2 200000
1 200000
2 199998
1 199998
1 200000
1 199999
4 200000
5 200000
1 200000
1 199998
1 199999
4 199998
2 200000
1 200000
1 200000
1 200000
1 200000
2 199999
6 200000
5 200000
4 200000
2 199998
2 199995
1 200000
2 200000
2 200000
3 199999
3 199999
1 200000
4 199998
4 200000
3 199999
1 200000
1 199999
2 199996
1 200000
2 200000
1 200000
5 200000
7 200000
2 199997
1 199999
2 199999
9 200000
4 199999
1 200000
1 199998
1 199997
3 200000
1 200000
2 199997
1 200000
2 199996
1 199995
3 199999
3 199995
1 199985
3 199998
2 199990
1 200000
3 199998
2 200000
2 199999
5 200000
3 200000
1 199999
1 200000
5 199999
2 199997
8 199986
1 200000
3 199995
1 200000
3 200000
1 199999
2 199999
1 200000
2 199991
10 199999
1 199996
9 200000
10 199997
3 200000
2 200000
2 199999
1 200000
4 200000
1 199998
2 200000
4 199999
4 199998
7 199999
3 199997
3 199999
2 199999
1 199999
2 199994
5 199997
1 199996
3 200000
4 199998
1 199997
3 200000
3 199998
2 200000
1 200000
4 200000
3 200000
2 200000
2 199999
1 199998
1 199998
1 199999
2 200000
1 200000
1 199992
1 199998
1 199999
1 200000
6 200000
6 200000
2 199999
2 200000
7 200000
1 199999
1 199999
2 199999
8 199996
1 200000
3 199999
3 199998
1 199999
3 200000
1 200000
2 199999
3 200000
1 199997
1 199998
3 200000
4 200000
3 200000
2 199998
4 199997
3 199995
1 199999
4 200000
1 200000
3 200000
1 200000
1 199994
1 200000
1 199999
5 200000
2 200000
1 200000
2 199993
1 200000
5 200000
8 200000
2 200000
1 199999
2 199995
3 199997
8 199999
4 199996
1 199999
4 199998
4 199998
2 199997
1 199998
1 200000
1 200000
1 199996
1 199999
1 200000
2 199999
2 199995
1 199998
3 200000
2 200000
1 199998
1 199999
1 199999
2 199998
2 200000
1 200000
3 199996
3 199998
4 199997
2 200000
1 199999
1 199998
4 200000
2 199998
1 200000
1 199999
3 200000
4 199999
2 199998
3 200000
2 199999
2 199999
1 199997
3 199998
1 200000
3 200000
1 200000
1 199998
1 200000
7 199991
1 199998
1 199999
3 200000
1 200000
1 199998
4 199994
7 199999
1 200000
1 200000
2 199990
1 199997
2 199999
2 200000
5 199999
6 199999
1 199999
1 200000
2 199999
1 199999
2 199997
1 199999
5 199998
1 199997
5 199996
3 199997
1 200000
2 199997
2 199999
4 199998
4 199999
3 199999
5 200000
1 199999
9 199998
1 199995
1 200000
1 200000
1 199999
2 199999
6 199999
7 199999
3 199996
1 199997
1 199996
1 199998
3 199998
1 199999
2 199994
4 199998
2 200000
4 200000
1 200000
1 199998
1 200000
1 199999
5 199994
2 200000
1 200000
3 199999
5 200000
2 200000
1 199998
5 199997
11 200000
2 199998
1 199998
1 199994
1 199999
3 199998
3 199998
3 200000
3 200000
4 200000
4 200000
6 199996
1 199994
2 200000
4 199995
5 199999
1 199998
13 200000
1 199997
5 200000
1 200000
10 199994
4 200000
4 199995
1 199999
1 199997
2 200000
1 199998
14 199997
1 199999
1 200000
6 199998
2 200000
1 200000
10 199999
2 199996
4 200000
4 200000
8 200000
4 200000
2 199999
2 199998
1 200000
3 199999
1 199998
2 200000
1 200000
1 200000
2 199998
1 199999
4 199999
4 199996
2 200000
2 200000
2 199997
1 199995
3 199998
1 199999
3 199999
3 200000
4 199998
3 199998
1 199999
7 199998
2 200000
3 200000
2 200000
3 199997
1 199998
3 200000
2 200000
3 200000
3 199997
3 199998
2 200000
1 199998
2 199997
1 199997
4 200000
4 199996
1 199995
3 200000
3 200000
2 200000
2 199997
6 199999
1 200000
3 199998
1 199999
14 199997
2 199999
1 199998
6 200000
3 199998
0 600038145
3 199998
5 199999
2 199993
1 200000
2 200000
3 199992
2 200000
1 199998
1 199999
4 199999
1 199997
1 199997
2 199999
1 199998
4 200000
10 200000
2 200000
2 199999
1 199995
1 199998
1 199999
2 200000
7 200000
2 200000
1 200000
3 199997
6 199998
3 199997
2 200000
4 199998
1 199999
2 199998
1 199998
1 199999
2 199999
1 199999
2 199999
1 200000
3 200000
3 200000
4 200000
1 199998
1 200000
1 200000
6 200000
2 199997
4 199998
1 199994
1 200000
3 199995
3 199997
1 200000
6 200000
6 199992
2 199999
1 199999
4 199998
7 199998
5 200000
2 199999
2 199998
2 199995
2 200000
5 200000
1 200000
2 200000
2 200000
3 200000
4 199998
11 200000
2 200000
1 199995
1 199998
10 199998
3 199996
6 199999
2 200000
2 200000
2 200000
3 199999
2 200000
1 199999
1 200000
3 199999
1 200000
2 199996
2 199998
4 199998
3 199998
2 199999
4 199999
2 199995
1 199998
1 199990
6 199992
1 199997
2 200000
7 199998
6 200000
1 199997
1 200000
1 199998
4 200000
6 199999
1 199999
3 199996
2 199997
7 199998
2 200000
3 200000
1 200000
4 199999
1 199999
2 199999
2 199998
2 200000
4 199999
2 199996
2 199999
6 199999
1 200000
2 199998
3 200000
1 199998
1 199999
2 200000
1 199997
2 199998
1 199999
1 200000
2 200000
1 199995
1 199999
1 199998
2 200000
6 200000
2 200000
2 200000
4 199999
3 199997
1 200000
1 200000
6 199998
2 200000
7 199995
1 199998
8 199999
6 200000
4 199999
3 200000
1 199998
1 199999
5 200000
15 199998
2 200000
1 200000
1 200000
1 199997
5 200000
1 199999
3 199999
2 199996
2 200000
1 199997
1 199999
1 199996
3 199999
4 200000
1 199996
2 199996
4 199999
3 199999
5 199999
2 200000
4 200000
5 200000
2 200000
4 200000
3 200000
4 200000
2 199999
3 200000
2 199992
1 199999
6 199998
1 200000
5 200000
1 199999
1 199997
2 200000
1 199998
1 199999
1 200000
1 200000
7 199995
1 199998
1 199998
3 199998
1 199999
1 199997
2 200000
1 199997
1 199999
1 199995
1 199997
3 200000
1 199997
1 199999
1 200000
3 199994
1 199999
6 200000
3 199997
1 199997
2 200000
3 199997
3 199998
4 199998
4 200000
2 200000
4 200000
2 200000
1 200000
2 199998
10 199998
1 200000
2 200000
2 199997
1 199999
1 199997
3 199998
1 200000
1 200000
2 199997
1 200000
3 200000
7 199999
9 199999
3 199999
2 200000
2 199996
3 199999
1 199999
8 199997
1 199993
2 199998
5 199997
1 199994
2 199999
1 199999
4 200000
2 199997
2 200000
2 199999
1 199999
1 200000
5 199996
1 200000
4 199998
2 200000
9 199991
1 199996
3 200000
4 199999
1 199999
1 199997
2 199999
3 199999
9 199999
7 200000
1 199999
1 200000
4 199998
4 200000
3 200000
1 200000
3 200000
2 200000
1 199996
3 199999
1 199998
16 200000
3 200000
2 199999
6 200000
1 199998
5 200000
3 199999
8 199998
1 199997
5 199998
4 199998
3 199996
1 199997
1 199998
2 199999
8 199998
1 200000
1 199997
1 199996
6 199995
1 200000
1 199993
3 199999
1 199997
4 199997
1 200000
2 200000
4 199994
2 199994
3 200000
2 199998
1 199999
3 200000
3 199997
9 199998
1 200000
1 200000
1 199998
2 199999
4 199999
1 200000
1 199999
2 200000
2 199999
1 199997
3 200000
2 200000
1 199999
1 199998
1 199999
1 199999
2 200000
9 199990
1 200000
1 199998
1 199996
2 199997
1 199999
5 200000
1 199999
9 199998
1 200000
6 199999
3 200000
1 199997
2 199997
2 199997
5 199999
2 199998
3 199999
2 199999
2 200000
1 199999
1 199997
5 200000
3 200000
2 199997
3 199998
3 200000
1 199997
1 200000
2 199999
1 199989
4 200000
2 200000
3 199996
1 200000
5 200000
2 199997
4 199999
1 200000
4 199998
1 200000
2 200000
4 199999
6 199999
9 199994
1 200000
1 200000
1 199998
2 199998
3 199999
5 200000
1 199999
4 200000
3 200000
1 200000
1 199996
3 200000
1 199999
2 200000
1 199994
1 200000
1 199996
1 200000
2 200000
1 200000
1 200000
4 199996
2 199999
1 199999
2 199999
6 199999
4 199999
1 199998
1 199996
1 199998
1 200000
2 199998
1 199999
4 200000
1 199999
2 200000
1 199999
1 199999
8 199999
2 199998
3 200000
1 200000
1 199999
2 199999
1 199997
1 200000
5 199996
5 200000
5 199999
8 199999
2 199996
4 199998
1 200000
2 199997
1 199999
2 199999
3 199997
6 199998
5 199998
1 200000
1 199997
1 199997
1 199999
6 199996
2 200000
1 200000
1 199999
1 199999
1 199996
3 199999
1 200000
2 200000
1 199998
1 199997
1 199996
1 200000
2 199997
9 200000
3 199998
4 200000
1 199997
1 200000
3 199997
1 200000
1 200000
8 199999
1 200000
2 199999
2 200000
3 200000
3 199998
1 199996
21 199993
2 199999
1 200000
2 199999
1 199997
1 200000
1 199999
2 199998
3 199999
2 199998
1 199996
1 199998
7 199999
1 199998
2 200000
7 199997
1 199999
1 200000
1 199997
6 199999
1 199999
1 199999
4 200000
13 199999
2 200000
2 199997
1 200000
2 200000
3 200000
3 199995
2 199999
1 200000
1 199997
3 200000
2 199997
5 200000
2 200000
8 199998
1 199999
8 200000
6 199999
1 199998
1 200000
6 200000
2 199997
2 200000
2 200000
2 199996
1 199999
3 199997
3 200000
2 199996
3 199999
2 200000
4 200000
2 199999
2 199999
5 199999
1 200000
2 200000
2 200000
1 200000
1 200000
2 199999
1 199994
2 199998
4 199999
2 199997
2 199998
1 200000
5 199998
8 199996
1 200000
2 199996
3 199997
5 199995
1 200000
2 199997
3 199998
5 199999
4 200000
2 199997
1 199996
2 199997
5 199997
3 199997
3 199999
3 199999
2 200000
1 199999
1 200000
2 199999
3 199999
2 199999
1 199998
3 199998
1 199998
6 200000
1 199998
2 199999
7 199993
4 200000
1 200000
1 200000
2 199993
1 199999
2 199995
3 200000
1 199999
2 200000
2 199999
3 200000
3 199996
1 199999
1 200000
1 199997
2 200000
2 200000
4 199997
2 199997
1 199999
3 199992
13 199999
6 200000
1 200000
3 200000
2 199999
1 199999
5 200000
6 200000
5 200000
2 199998
1 200000
1 199998
4 199998
2 199991
4 199999
1 199998
1 200000
4 199998
2 200000
2 200000
3 199999
1 200000
7 199997
3 199990
1 199995
1 199991
1 200000
1 199996
2 199999
1 200000
2 199999
1 199997
1 199997
5 200000
4 199999
7 200000
3 199997
2 199999
1 199996
1 200000
6 200000
3 199997
2 200000
6 199998
2 199999
4 200000
2 199999
1 199999
10 199997
3 199997
6 200000
2 199995
7 200000
1 199999
4 199996
1 199998
1 199996
2 200000
5 200000
1 200000
1 200000
3 200000
2 199996
2 200000
1 199995
2 199999
3 199991
4 199999
1 199999
1 200000
4 199999
4 200000
3 200000
1 199999
2 199997
1 199998
4 199999
1 200000
2 199998
1 199997
1 199998
9 200000
1 200000
11 200000
1 200000
1 200000
1 199998
1 200000
5 200000
2 199999
1 199997
1 200000
1 199998
2 199997
3 200000
3 199998
3 199999
2 199999
5 200000
1 200000
1 200000
3 199998
1 199999
5 200000
1 199999
2 200000
3 199997
1 200000
1 199997
1 199997
1 200000
1 199997
1 199996
2 199998
1 200000
5 199992
1 200000
2 200000
5 199996
2 199999
1 199997
1 200000
2 199999
3 199998
2 199995
1 199998
2 199999
3 199999
1 199999
2 199999
4 200000
2 199999
1 199998
2 200000
2 199996
1 199999
3 199999
3 199999
1 199999
6 199999
3 199999
2 199999
7 200000
5 200000
2 200000
1 200000
9 200000
1 200000
1 200000
1 199992
11 200000
1 200000
2 200000
3 200000
1 199998
2 199999
1 199997
1 199997
1 199995
4 199999
5 199997
1 199999
6 199998
2 199999
4 199999
1 199999
5 200000
2 200000
4 200000
1 200000
2 200000
1 200000
1 199999
4 199999
11 200000
2 199993
1 200000
2 199998
3 200000
1 200000
1 199999
2 199995
1 200000
2 200000
3 199994
4 199998
1 200000
3 199998
1 199999
2 200000
2 199999
3 199999
3 199998
1 200000
4 199997
13 200000
1 199999
1 200000
3 199998
7 199999
4 200000
2 200000
1 199997
2 199999
3 199999
8 199998
11 200000
4 199998
3 200000
1 199999
1 200000
1 200000
4 199998
2 199999
2 199999
4 199997
1 199998
1 200000
1 199999
2 199998
10 200000
1 200000
2 199999
1 200000
1 200000
3 199999
2 200000
1 200000
9 199994
1 199996
3 200000
1 200000
1 200000
7 199994
1 199999
7 199999
1 199999
10 199996
2 200000
1 199990
1 200000
8 199992
3 200000
5 199998
3 200000
2 200000
1 199998
2 200000
2 199999
3 200000
1 199999
1 200000
2 199999
3 199999
3 199997
2 199999
2 199998
2 199997
2 199999
8 199993
6 200000
3 200000
7 200000
4 200000
1 200000
1 199998
4 200000
5 199998
6 199992
2 200000
1 199999
1 199998
1 199998
3 199999
2 199999
4 199999
3 199998
2 199997
8 199999
4 200000
1 199998
2 200000
5 200000
10 199998
2 199997
1 199996
2 199999
3 199998
2 199998
1 200000
2 200000
1 200000
1 199999
3 199996
4 199998
12 200000
4 199999
2 200000
1 199998
1 199999
2 200000
1 200000
2 199997
2 199999
1 199999
8 199996
5 199999
1 199998
1 199999
1 200000
2 200000
1 200000
1 199998
1 199995
1 199999
1 199997
3 200000
1 200000
1 200000
2 199999
3 199998
5 199999
1 200000
3 200000
3 199996
2 199996
1 199998
1 200000
6 199999
5 199991
2 199994
1 199998
1 199998
4 199999
4 199998
2 199996
1 199999
1 199999
1 200000
3 199997
2 200000
3 199992
1 200000
2 199997
1 199999
5 200000
1 200000
1 200000
4 199996
3 199999
1 199999
2 200000
3 200000
2 199999
1 200000
2 199996
1 199999
1 199999
3 199998
1 199999
5 200000
3 199998
2 199996
1 199999
2 200000
1 199995
1 199999
1 199995
1 199996
1 199997
1 200000
3 199998
1 199999
3 199996
1 199998
6 199999
2 200000
4 200000
2 199999
3 199995
2 199997
4 199998
3 199998
4 199999
1 200000
2 200000
3 199999
5 199999
2 199999
2 199997
10 200000
2 200000
2 199998
3 199998
1 199998
1 199999
2 200000
4 200000
1 199997
9 199999
1 200000
4 199989
2 200000
2 199998
1 199998
2 200000
1 199999
1 199993
1 200000
2 199997
4 199999
3 200000
1 199997
1 200000
6 199997
1 200000
5 200000
3 200000
1 199991
1 199998
2 200000
4 199999
1 200000
4 199999
2 199999
1 199998
5 200000
1 199995
3 200000
4 200000
2 199999
1 200000
2 200000
16 200000
1 199995
1 200000
2 200000
2 199992
1 199999
2 199997
5 199998
5 199997
2 199999
1 199995
3 199997
1 199994
3 200000
1 199998
1 200000
1 199999
5 199999
3 199999
1 200000
2 200000
4 199998
0 600038145
1 199996
1 199999
1 200000
5 200000
3 199993
3 199999
1 199997
3 200000
1 199999
1 199999
1 199996
1 200000
3 199998
7 199997
2 199999
1 200000
5 199997
1 199996
1 200000
1 200000
1 199997
1 199997
4 200000
4 200000
4 199999
2 199998
1 199999
1 200000
2 199999
2 199999
2 200000
2 200000
9 199997
1 199994
1 199998
5 199998
3 199998
1 200000
1 200000
3 199998
2 199997
1 200000
1 199994
2 199998
1 199998
1 199993
2 199998
5 199999
2 199999
6 200000
2 200000
1 199999
2 199999
2 200000
3 199999
1 200000
2 200000
4 199999
1 199999
2 199999
4 199996
4 200000
1 199996
1 200000
1 199997
1 200000
3 200000
1 200000
2 200000
4 199999
1 200000
3 200000
1 199997
2 199999
7 199999
5 200000
1 200000
1 199999
1 200000
3 199999
8 199997
3 200000
2 200000
3 200000
2 200000
3 200000
2 200000
2 200000
1 199998
1 199998
1 200000
1 200000
6 200000
1 199999
2 199999
1 199998
1 199999
2 199999
1 200000
2 200000
4 199998
1 200000
3 199992
5 199997
2 199999
3 200000
1 200000
3 199995
5 200000
1 199999
4 200000
7 200000
1 200000
1 199993
3 200000
1 199998
1 199999
1 199999
5 199995
1 199999
1 199997
6 200000
1 200000
1 199998
5 199996
1 199997
1 199995
3 199998
4 199999
4 199991
1 199993
4 200000
9 199999
2 200000
2 199998
2 199999
1 199998
4 199998
3 199999
2 199999
2 200000
1 199993
1 199993
3 200000
2 200000
2 199996
6 200000
4 199998
1 199997
1 200000
2 199994
1 200000
3 200000
1 199994
3 200000
2 199995
1 200000
2 200000
3 199999
3 199998
3 199995
4 199999
3 199999
3 199995
1 200000
1 199997
1 199999
1 200000
3 199998
5 199999
7 200000
1 199995
1 200000
3 199999
1 200000
4 200000
2 199999
2 199999
1 200000
10 199998
6 200000
1 199997
6 200000
2 200000
1 199996
4 200000
1 200000
1 200000
2 199998
9 200000
1 199997
1 200000
1 199997
3 200000
2 200000
7 199998
1 200000
3 200000
1 199997
2 199999
3 199999
1 199999
1 199999
2 199998
1 199999
2 199999
1 199997
4 200000
1 200000
2 199998
1 199998
2 199998
2 199996
2 199999
3 199995
3 199997
2 199999
2 199998
2 200000
2 200000
2 200000
6 199999
1 200000
3 200000
3 199996
3 199999
6 200000
2 200000
2 200000
2 199993
2 199999
1 200000
1 199998
3 199998
1 199998
3 200000
4 200000
3 200000
1 199997
5 199999
3 200000
4 199991
2 199999
1 200000
4 199996
4 199999
2 199999
3 199998
4 200000
2 199991
6 199998
3 199998
1 199999
5 199998
3 200000
2 199998
3 200000
2 199997
1 200000
3 200000
2 199999
1 199997
4 200000
1 200000
2 200000
1 199999
1 200000
2 199999
1 199991
6 199996
3 199995
1 200000
1 200000
1 200000
4 200000
5 199998
1 199999
2 199995
5 200000
2 199999
2 200000
1 200000
5 200000
5 199999
3 199994
3 199999
1 200000
1 199999
1 199997
1 199998
3 199999
1 199998
1 200000
3 199995
1 199999
5 199996
7 199999
6 199995
7 199997
2 199998
2 199990
1 199997
1 200000
1 200000
2 199999
6 200000
1 199998
1 199999
1 199999
4 200000
1 200000
1 199997
3 200000
2 200000
3 199999
1 200000
4 199999
2 200000
1 199999
1 199999
1 199998
1 199991
2 199997
2 199999
6 199998
2 199993
1 199997
2 199996
1 200000
1 200000
3 200000
6 200000
10 200000
3 199997
3 199998
5 199999
4 199998
4 200000
1 200000
2 199998
1 200000
1 200000
3 199999
1 199997
2 199999
2 200000
1 200000
1 199999
4 200000
1 200000
2 199997
1 200000
3 199999
4 200000
2 199997
1 200000
2 200000
1 200000
2 199999
7 199994
3 199999
3 199997
7 199999
1 199999
1 199998
2 200000
2 199996
1 200000
5 199998
1 200000
3 199999
4 199998
2 199997
1 199999
2 199999
2 199999
5 200000
2 199998
3 199997
1 199997
1 200000
3 199998
1 199999
1 200000
2 200000
1 199999
1 199998
3 199997
4 200000
1 200000
1 199997
1 199999
1 199996
5 199994
6 199999
1 200000
1 199996
4 199999
2 199991
1 200000
1 199992
2 200000
2 199991
1 200000
4 200000
2 200000
5 200000
3 200000
7 199997
1 199994
3 199995
3 199998
2 199999
2 199995
1 200000
1 199998
1 199997
2 200000
3 199993
6 200000
3 199995
6 200000
1 199997
4 199996
1 199999
3 199997
3 199999
1 200000
3 199998
1 199999
8 200000
1 199999
1 200000
1 199999
2 199995
2 199997
2 199999
9 200000
1 200000
7 200000
1 199999
2 199998
8 200000
1 200000
4 199999
2 199998
1 199987
1 199995
1 199997
3 199996
3 199997
2 199999
1 199994
4 200000
3 199993
2 199995
3 199999
7 200000
3 200000
2 200000
1 199997
1 199999
4 199997
7 200000
1 200000
1 199995
3 199997
1 200000
1 199998
1 199993
1 200000
1 200000
2 199996
7 199989
1 199996
1 199999
5 200000
3 200000
1 199998
1 200000
1 199996
1 200000
4 200000
2 200000
1 199999
1 200000
4 199998
1 199998
1 199998
4 199999
3 199999
1 200000
1 199998
2 199997
4 199999
3 199998
2 199991
1 200000
2 199999
2 199998
2 199996
2 199999
5 199997
2 199997
1 200000
1 199999
1 199997
4 199996
7 200000
1 199996
1 200000
2 199998
3 199999
2 199995
2 200000
2 199999
1 200000
2 199999
2 199997
2 200000
2 199997
1 199999
10 200000
1 199999
1 199995
2 200000
1 200000
1 199997
2 200000
2 200000
6 199999
1 200000
6 199997
5 200000
2 200000
2 199999
5 200000
1 199997
1 199999
2 200000
2 199995
3 199998
3 199997
2 199999
3 199999
2 199997
4 200000
2 199996
3 200000
1 199998
1 200000
6 200000
2 199999
1 199997
10 199996
1 199998
4 200000
2 200000
1 199998
2 200000
1 200000
1 199999
1 199996
3 199998
6 200000
1 200000
3 199997
1 199997
6 199999
5 199997
3 200000
1 200000
1 199999
1 200000
1 200000
1 199996
4 199999
1 199999
1 200000
3 200000
2 199999
2 199992
6 200000
1 200000
3 200000
4 200000
1 200000
1 199989
1 199999
4 200000
1 200000
4 199999
3 200000
3 199999
10 199998
1 199999
1 199996
3 200000
6 199999
5 199999
1 200000
1 199999
3 199999
2 200000
7 199999
3 200000
2 200000
4 199996
3 199999
2 200000
5 199999
1 200000
1 200000
3 199999
3 200000
4 199996
4 200000
1 199998
2 199999
10 200000
3 199997
3 200000
2 199999
2 199996
2 199999
1 200000
2 200000
1 200000
1 199997
3 199999
2 199999
2 200000
1 199998
1 199999
2 200000
6 200000
1 200000
1 200000
1 199997
1 199995
1 199998
5 199994
4 200000
4 200000
1 199998
3 199997
3 199995
1 199997
1 199998
3 199996
6 199999
1 200000
1 199998
4 199998
1 199999
1 199999
2 200000
2 200000
1 199999
5 200000
4 199994
1 200000
1 199998
7 200000
3 200000
3 199998
10 199998
2 199998
2 200000
3 199997
4 200000
1 199999
1 200000
2 199992
1 199998
1 199998
2 200000
1 199993
5 199998
3 200000
2 199997
2 200000
3 200000
1 199999
1 200000
1 200000
1 199999
1 199998
2 200000
1 200000
1 199999
1 199999
1 200000
1 199993
5 200000
1 200000
4 200000
1 199998
1 200000
3 199999
3 199996
12 199996
1 199996
3 199999
1 199997
1 199995
1 200000
5 199999
1 199995
15 199998
3 200000
2 200000
3 199997
2 200000
10 199999
2 199999
1 199994
2 200000
2 199996
6 200000
2 200000
1 199998
3 199999
3 200000
2 200000
1 200000
3 199999
9 199996
1 199997
2 199999
2 199999
3 199995
12 199996
5 199999
6 199995
9 200000
1 200000
1 200000
1 199997
1 199993
1 199997
4 200000
3 199999
3 200000
5 199999
4 200000
1 199999
1 199999
1 199999
2 199995
2 200000
1 200000
3 200000
2 199999
3 199997
1 199998
1 199998
2 199991
