54179 125937
54118 125938
54117 125877
54179 125879
54059 125937
54118 125938
54060 125877
54117 125939
54178 125819
54238 125937
54059 125939
54117 125938
54060 125937
54117 125819
54117 125938
54178 125938
54118 125938
54179 125938
54177 125937
54057 125938
54117 125878
54179 125757
54117 125818
54057 125878
54057 125878
54117 125878
54058 125818
54177 125937
54057 125818
54057 125937
54118 125938
54060 125878
54118 125878
54180 125878
54118 125818
54118 125878
54059 125878
54060 125937
54060 125818
54118 125877
54117 125939
54057 125937
54117 125817
54060 125878
54118 125937
54239 125818
54058 125939
54057 125818
54057 125938
54120 125939
54119 125939
54060 125937
54117 125878
54060 125879
54178 125939
54060 125937
54118 125818
54058 125877
54118 125937
54118 125937
54118 125817
54058 125877
54239 125878
54057 125878
54178 125938
54117 125819
54060 125877
54058 125878
54059 125817
54060 125879
54059 125818
54119 125819
54118 125937
54060 125938
54117 125818
54058 125937
54060 125878
54117 125937
54059 125938
54117 125878
54057 125817
54060 125818
54177 125938
54057 125939
54117 125877
54118 125878
54058 125938
54057 125759
54060 125879
54058 125819
54177 125938
54058 125818
54118 125938
54239 125879
54058 125758
54060 125938
54059 125939
54057 125938
54057 125819
54179 125878
54057 125937
54057 125819
54060 125938
54180 125879
54117 125937
54118 125877
54060 125758
54060 125878
54058 125819
54058 125819
54058 125937
54119 125818
54058 125938
54119 125759
54117 125938
54118 125938
54058 125938
54058 125937
54058 125939
54057 125878
54119 125939
54117 125878
54120 125939
54057 125877
54059 125819
54177 125937
54119 125938
54059 125938
54058 125878
54057 125939
54118 125939
54060 125818
54178 125878
54058 125699
54118 125937
54117 125937
54058 125939
54118 125878
54057 125877
54178 125818
54058 125879
54119 125879
54058 125877
54058 125818
54117 125937
54060 125878
54058 125818
54059 125758
54178 125938
54118 125879
54058 125877
54177 125938
54120 125939
54060 125877
54058 125938
54237 125878
54119 125819
54118 125819
54118 125877
54118 125938
54238 125818
54060 125758
54178 125938
54059 125877
54118 125938
54120 125878
54179 125877
54060 125938
54120 125939
54120 125878
54177 125938
54057 125877
54058 125938
54117 125937
54058 125938
54117 125877
54060 125819
54060 125817
54060 125878
54118 125937
54240 125937
54057 125937
54177 125878
54058 125878
54117 125817
54118 125938
54057 125818
54118 125938
54057 125939
54058 125939
54118 125879
54117 125878
54237 125879
54117 125937
54118 125819
54059 125879
54060 125879
54059 125878
54058 125818
54178 125758
54060 125938
54119 125939
54058 125937
54060 125937
54119 125818
54237 125877
54058 125878
54177 125878
54058 125818
54058 125879
54058 125877
54117 125817
54118 125879
54180 125819
54178 125878
54118 125877
54060 125937
54117 125938
54118 125818
54118 125817
54057 125938
54057 125878
54060 125877
54120 125819
54059 125878
54060 125879
54177 125758
54117 125878
54237 125878
54059 125879
54120 125878
54119 125817
54058 125817
54059 125878
54059 125818
54179 125879
54178 125818
54059 125938
54060 125937
54058 125938
54118 125937
54119 125759
54120 125878
54117 125937
54058 125937
54297 125937
54058 125878
54060 125877
54060 125938
54118 125937
54120 125877
54059 125878
54059 125879
54117 125819
54120 125877
54178 125877
54238 125879
54179 125819
54060 125939
54177 125877
54060 125817
54118 125937
54118 125937
54117 125879
54119 125938
54119 125877
54239 125879
54057 125937
54060 125879
54060 125937
54058 125818
54058 125879
54178 125878
54058 125817
54060 125878
54057 125939
54059 125879
54058 125937
54119 125937
54060 125878
54058 125879
54179 125939
54057 125877
54058 125878
54059 125939
54237 125878
54118 125938
54058 125877
54118 125939
54119 125817
54057 125939
54118 125878
54060 125877
54117 125819
54117 125937
54058 125877
54060 125818
54118 125817
54180 125937
54179 125879
54117 125937
54119 125937
54060 125938
54057 125939
54119 125938
54060 125758
54117 125817
54058 125937
54120 125937
54058 125879
54118 125938
54059 125878
54119 125937
54120 125879
54058 125878
54120 125877
54118 125817
54118 125879
54058 125938
54117 125817
54057 125939
54119 125879
54178 125877
54058 125877
54058 125699
54177 125879
54118 125879
54118 125877
54178 125758
54178 125879
54119 125819
54118 125939
54057 125939
54118 125938
54060 125877
54059 125877
54117 125758
54057 125878
54118 125939
54119 125938
54177 125879
54117 125938
54118 125937
54117 125937
54060 125937
54120 125879
54060 125938
54178 125878
54119 125879
54120 125817
54059 125878
54059 125937
54060 125938
54119 125818
54058 125878
54058 125878
54060 125818
54059 125939
54119 125878
54057 125937
54059 125878
54119 125818
54117 125878
54060 125938
54057 125877
54178 125937
54177 125818
54059 125818
54178 125878
54239 125878
54178 125818
54057 125937
54060 125937
54058 125939
54057 125879
54058 125878
54179 125878
54117 125879
54118 125878
54059 125817
54117 125817
54118 125938
54058 125819
54058 125937
54119 125939
54057 125877
54120 125877
54119 125818
54060 125819
54060 125818
54117 125877
54118 125757
54118 125698
54060 125937
54118 125879
54059 125937
54058 125938
54060 125939
54178 125877
54058 125818
54060 125818
54178 125878
54060 125937
54118 125938
54118 125879
54180 125817
54119 125877
54117 125759
54117 125819
54117 125818
54240 125878
54117 125939
54058 125818
54058 125819
54058 125817
54060 125938
54057 125937
54058 125938
54120 125759
54060 125878
54118 125938
54119 125938
54058 125817
54119 125938
54059 125938
54060 125878
54177 125879
54059 125937
54117 125818
54060 125819
54117 125877
54118 125698
54120 125939
54057 125939
54060 125879
54120 125878
54059 125938
54057 125879
54117 125877
54057 125938
54058 125878
54058 125879
54238 125938
54177 125758
54060 125878
54117 125878
54059 125879
54119 125878
54118 125939
54060 125877
54119 125757
54117 125938
54058 125938
54118 125878
54178 125877
54178 125699
54120 125817
54060 125937
54117 125817
54059 125938
54297 125879
54118 125878
54058 125937
54057 125938
54060 125938
54177 125819
54119 125757
54060 125939
54180 125878
54117 125878
54058 125938
54118 125818
54060 125877
54117 125938
54238 125938
54058 125937
54060 125938
54118 125758
54177 125878
54118 125938
54058 125878
54057 125938
54060 125938
54059 125938
54058 125879
54119 125877
54240 125937
54060 125938
54119 125878
54060 125877
54059 125938
54117 125878
54057 125879
54177 125939
54117 125937
54058 125878
54117 125879
54178 125877
54058 125938
54120 125877
54118 125877
54060 125937
54060 125879
54177 125877
54119 125877
54058 125877
54177 125938
54117 125879
54058 125877
54058 125878
54057 125877
54059 125937
54118 125937
54117 125878
54119 125879
54177 125878
54237 125878
54059 125879
54059 125878
54057 125819
54060 125819
54058 125758
54058 125818
54057 125758
54058 125877
54179 125937
54059 125758
54119 125877
54059 125938
54118 125939
54177 125937
54118 125878
54058 125817
54059 125879
54237 125879
54118 125878
54118 125758
54119 125818
54178 125877
54118 125879
54057 125878
54060 125878
54237 125877
54118 125938
54118 125938
54177 125937
54057 125758
54119 125878
54058 125879
54119 125877
54118 125937
54059 125878
54117 125937
54059 125937
54118 125939
54177 125938
54117 125937
54177 125937
54058 125877
54058 125879
54117 125757
54177 125879
54058 125758
54178 125937
54178 125937
54060 125938
54118 125879
54118 125938
54058 125939
54117 125877
54118 125817
54117 125938
54058 125819
54118 125878
54118 125938
54239 125879
54178 125877
54119 125938
54060 125937
54118 125879
54118 125879
54059 125937
54057 125878
54180 125878
54119 125877
54117 125939
54057 125938
54119 125937
54060 125937
54118 125879
54120 125939
54178 125938
54058 125877
54177 125877
54060 125818
54117 125757
54118 125878
54058 125879
54058 125877
54058 125938
54060 125938
54237 125938
54179 125878
54120 125819
54118 125877
54178 125878
54119 125878
54117 125937
54118 125877
54060 125819
54059 125819
54180 125938
54060 125937
54060 125877
54058 125937
54117 125939
54118 125819
54058 125878
54237 125817
54058 125938
54117 125758
54058 125939
54238 125878
54060 125878
54057 125938
54058 125879
54120 125879
54060 125819
54118 125877
54118 125817
54117 125819
54058 125937
54058 125879
54177 125938
54119 125879
54060 125879
54058 125938
54179 125879
54057 125878
54059 125939
54178 125818
54058 125937
54058 125937
54060 125878
54117 125878
54059 125758
54120 125758
54058 125878
54058 125819
54117 125879
54060 125818
54059 125818
54119 125937
54117 125939
54120 125879
54120 125878
54118 125819
54178 125939
54177 125878
54060 125938
54117 125879
54057 125879
54120 125878
54120 125938
54119 125878
54177 125937
54117 125937
54120 125878
54060 125879
54178 125879
54177 125817
54060 125878
54178 125878
54060 125879
54058 125938
54060 125877
54117 125819
54058 125817
54180 125759
54300 125939
54060 125938
54118 125818
54178 125939
54058 125878
54058 125878
54118 125817
54119 125817
54118 125878
54177 125939
54120 125879
54119 125878
54118 125819
54117 125938
54058 125878
54118 125938
54177 125878
54060 125877
54058 125758
54059 125937
54177 125877
54239 125937
54058 125759
54118 125698
54058 125937
54178 125939
54119 125938
54238 125938
54060 125937
54178 125817
54118 125817
54118 125938
54120 125937
54117 125937
54238 125937
54059 125879
54119 125937
54060 125937
54238 125939
54057 125879
54117 125817
54177 125818
54120 125817
54057 125937
54057 125938
54120 125937
54117 125939
54059 125878
54178 125878
54117 125937
54117 125877
54058 125878
54057 125879
54060 125877
54058 125818
54058 125877
54057 125939
54060 125817
54057 125877
54118 125877
54059 125937
54058 125939
54059 125879
54120 125818
54057 125939
54117 125937
54057 125879
54060 125757
54057 125757
54058 125818
54117 125878
54117 125878
54059 125938
54178 125938
54059 125877
54059 125879
54119 125938
54119 125879
54059 125939
54118 125877
54058 125879
54058 125938
54119 125938
54179 125937
54178 125878
54060 125938
54117 125877
54118 125939
54178 125878
54058 125819
54057 125877
54177 125878
54180 125819
54117 125878
54117 125819
54120 125879
54179 125939
54060 125877
54058 125937
54058 125879
54060 125818
54118 125878
54117 125939
54059 125938
54117 125938
54117 125879
54057 125938
54120 125878
54059 125879
54180 125938
54059 125879
54179 125879
54058 125758
54057 125878
54058 125759
54057 125878
54060 125938
54237 125877
54120 125758
54057 125878
54059 125877
54118 125937
54058 125877
54120 125879
54238 125938
54118 125818
54180 125938
54118 125878
54059 125878
54120 125938
54060 125937
54117 125938
54179 125937
54117 125878
54057 125939
54179 125939
54119 125937
54180 125878
54180 125939
54179 125939
54118 125819
54117 125878
54117 125937
54118 125819
54058 125939
54059 125878
54180 125878
54118 125877
54118 125938
54057 125937
54060 125819
54120 125878
54059 125877
54120 125819
54060 125758
54059 125938
54058 125818
54118 125878
54120 125878
54177 125877
54058 125878
54057 125818
54238 125938
54060 125879
54117 125938
54058 125878
54060 125877
54057 125937
54059 125938
54060 125937
54237 125877
54057 125817
54060 125878
54057 125758
54058 125758
54177 125938
54179 125759
54059 125937
54180 125819
54118 125878
54117 125939
54060 125937
54060 125878
54117 125878
54058 125879
54118 125819
54057 125938
54058 125697
54058 125938
54120 125937
54179 125878
54119 125879
54298 125939
54117 125939
54060 125759
54117 125937
54178 125938
54057 125759
54120 125938
54060 125878
54058 125877
54118 125878
54179 125818
54060 125937
54117 125877
54179 125939
54058 125938
54058 125878
54059 125818
54177 125757
54059 125819
54117 125938
54118 125879
54239 125758
54118 125818
54058 125939
54117 125878
54058 125758
54119 125818
54059 125939
54179 125877
54118 125877
54058 125937
54118 125877
54058 125939
54177 125938
54057 125938
54119 125877
54178 125939
54177 125939
54059 125877
54060 125937
54177 125877
54057 125877
54178 125817
54118 125939
54238 125939
54118 125877
54118 125938
54060 125937
54118 125878
54058 125878
54057 125938
54117 125877
54060 125938
54057 125938
54117 125939
54057 125879
54179 125937
54058 125877
54119 125818
54057 125878
54058 125818
54117 125938
54117 125878
54060 125817
54059 125939
54118 125939
54058 125938
54058 125879
54060 125879
54058 125878
54058 125937
54120 125938
54179 125939
54058 125938
54238 125819
54238 125758
54120 125878
54178 125937
54057 125877
54060 125878
54119 125879
54117 125877
54057 125938
54059 125937
54117 125938
54118 125819
54120 125879
54057 125818
54117 125937
54120 125939
54118 125878
54120 125937
54117 125878
54060 125939
54059 125759
54060 125937
54118 125879
54057 125937
54058 125878
54117 125939
54178 125879
54180 125937
54238 125879
54120 125759
54057 125939
54057 125878
54058 125817
54059 125878
54238 125878
54059 125939
54177 125937
54057 125938
54177 125938
54117 125878
54059 125878
54178 125938
54060 125879
54179 125878
54118 125818
54118 125939
54178 125938
54057 125937
54120 125818
54177 125937
54058 125759
54060 125879
54059 125758
54118 125818
54058 125939
54059 125879
54117 125817
54118 125818
54117 125819
54177 125818
54058 125878
54238 125878
54058 125939
54237 125879
54119 125878
54058 125937
54118 125819
54060 125818
54118 125937
54058 125938
54058 125938
54057 125879
54177 125877
54117 125878
54058 125938
54059 125818
54117 125759
54237 125877
54118 125877
54177 125937
54059 125817
54060 125937
54060 125939
54120 125937
54120 125818
54060 125938
54118 125938
54118 125938
54057 125758
54117 125818
54057 125937
54118 125877
54119 125937
54119 125818
54060 125937
54058 125879
54060 125878
54118 125819
54058 125937
54117 125819
54058 125939
54117 125819
54060 125878
0 600038145
54118 125819
54057 125878
54060 125817
54058 125819
54179 125938
54118 125877
54178 125877
54117 125879
54118 125938
54058 125759
54119 125878
54060 125819
54058 125938
54118 125879
54117 125938
54058 125817
54118 125939
54060 125758
54058 125878
54117 125759
54120 125938
54057 125938
54057 125938
54119 125937
54057 125879
54059 125938
54058 125879
54119 125878
54118 125937
54058 125699
54058 125877
54059 125939
54058 125819
54120 125817
54118 125878
54059 125937
54120 125879
54178 125819
54178 125758
54058 125939
54119 125878
54057 125938
54118 125879
54058 125878
54238 125878
54118 125939
54117 125818
54060 125819
54117 125938
54057 125938
54060 125879
54058 125879
54178 125877
54060 125939
54057 125877
54118 125939
54119 125937
54058 125938
54060 125878
54057 125937
54177 125878
54118 125878
54180 125879
54118 125878
54059 125877
54118 125939
54060 125877
54060 125879
54120 125819
54058 125818
54177 125877
54057 125818
54119 125938
54117 125817
54060 125938
54179 125878
54119 125818
54057 125878
54057 125819
54118 125878
54058 125937
54058 125939
54238 125759
54117 125939
54058 125938
54238 125878
54120 125818
54118 125877
54237 125938
54059 125879
54118 125878
54117 125877
54238 125938
54058 125879
54058 125937
54178 125939
54057 125877
54060 125939
54120 125938
54059 125937
54119 125938
54058 125818
54058 125938
54118 125877
54117 125818
54059 125939
54240 125937
54178 125938
54237 125939
54178 125758
54120 125877
54118 125699
54060 125938
54180 125938
54057 125878
54060 125877
54058 125937
54058 125818
54120 125878
54237 125879
54118 125879
54178 125878
54060 125878
54178 125938
54118 125877
54117 125938
54237 125938
54060 125877
54117 125817
54060 125937
54117 125937
54058 125938
54060 125819
54058 125759
54058 125877
54118 125879
54057 125877
54059 125818
54057 125938
54119 125879
54117 125818
54118 125937
54119 125877
54057 125937
54060 125819
54118 125938
54060 125758
54120 125877
54178 125819
54060 125879
54120 125937
54059 125877
54118 125819
54058 125937
54119 125818
54059 125819
54177 125937
54060 125879
54120 125938
54118 125939
54058 125818
54178 125877
54059 125817
54058 125879
54058 125937
54057 125938
54117 125938
54058 125937
54060 125878
54117 125937
54060 125937
54177 125817
54178 125938
54057 125938
54177 125759
54120 125879
54058 125937
54059 125938
54060 125937
54117 125879
54237 125937
54120 125937
54060 125939
54059 125879
54239 125878
54119 125879
54180 125939
54060 125879
54178 125938
54179 125878
54118 125878
54178 125938
54117 125877
54119 125937
54060 125938
54060 125937
54057 125879
54057 125878
54120 125938
54060 125819
54178 125877
54058 125877
54058 125878
54060 125759
54178 125938
54058 125877
54177 125939
54057 125939
54119 125878
54060 125877
54117 125819
54058 125817
54120 125877
54119 125938
54178 125939
54060 125819
54120 125878
54058 125938
54117 125817
54119 125937
54057 125878
54118 125879
54058 125818
54058 125937
54059 125759
54060 125939
54058 125939
54060 125879
54119 125879
54119 125878
54120 125938
54059 125819
54180 125937
54059 125939
54058 125938
54058 125879
54060 125879
54117 125817
54058 125877
54238 125939
54179 125939
54120 125937
54118 125817
54058 125818
54057 125879
54119 125937
54178 125938
54179 125937
54060 125877
54178 125937
54118 125879
54057 125878
54059 125938
54118 125939
54057 125878
54117 125939
54178 125877
54118 125818
54177 125939
54238 125879
54059 125878
54060 125818
54118 125819
54058 125939
54059 125937
54058 125937
54058 125939
54239 125879
54059 125938
54120 125939
54060 125939
54177 125818
54060 125937
54178 125879
54118 125938
54120 125818
54118 125877
54058 125818
54238 125938
54059 125819
54119 125938
54058 125879
54117 125879
54117 125757
54117 125819
54117 125938
54117 125877
54119 125938
54060 125938
54060 125878
54178 125939
54060 125877
54119 125879
54060 125939
54058 125939
54120 125877
54118 125938
54060 125937
54057 125877
54058 125938
54118 125877
54237 125819
54060 125878
54179 125937
54060 125937
54238 125938
54180 125878
54178 125817
54060 125937
54059 125939
54117 125878
54118 125878
54058 125938
54060 125819
54058 125938
54058 125938
54059 125939
54059 125818
54120 125759
54058 125878
54117 125879
54117 125938
54180 125877
54060 125878
54057 125879
54060 125877
54058 125697
54058 125879
54118 125879
54118 125939
54117 125818
54117 125937
54118 125938
54060 125878
54180 125938
54057 125758
54058 125937
54237 125939
54057 125879
54058 125878
54117 125877
54118 125878
54117 125938
54178 125879
54060 125938
54120 125877
54178 125879
54118 125938
54058 125937
54058 125938
54058 125878
54057 125759
54118 125877
54060 125878
54060 125818
54057 125877
54178 125878
54120 125878
54060 125879
54118 125877
54117 125879
54117 125819
54059 125939
54178 125878
54118 125937
54120 125938
54118 125878
54057 125939
54117 125819
54117 125877
54057 125757
54239 125938
54118 125938
54120 125878
54060 125818
54120 125818
54118 125938
54060 125877
54060 125879
54058 125818
54118 125877
54237 125937
54118 125819
54059 125638
54179 125818
54058 125938
54118 125878
54178 125938
54118 125878
54058 125937
54060 125757
54177 125879
54060 125939
54117 125877
54180 125818
54057 125938
54058 125818
54060 125877
54177 125938
54060 125937
54120 125937
54057 125939
54060 125939
54178 125819
54117 125937
54060 125937
54120 125938
54058 125937
54059 125937
54059 125937
54120 125937
54059 125938
54178 125879
54058 125938
54058 125878
54060 125819
54118 125938
54060 125877
54178 125878
54118 125937
54118 125757
54118 125939
54058 125878
54178 125938
54117 125877
54117 125877
54117 125939
54237 125938
54058 125818
54058 125878
54057 125817
54057 125818
54058 125819
54120 125698
54057 125819
54177 125878
54119 125938
54120 125937
54058 125877
54057 125879
54058 125877
54180 125817
54060 125878
54119 125877
54118 125879
54058 125937
54059 125938
54180 125877
54117 125818
54118 125939
54058 125937
54119 125758
54238 125817
54179 125759
54060 125878
54059 125817
54059 125878
54058 125878
54118 125879
54059 125878
54057 125877
54058 125758
54057 125937
54059 125938
54120 125938
54118 125937
54060 125879
54117 125878
54118 125877
54117 125877
54117 125818
54057 125937
54119 125818
54178 125877
54118 125758
54058 125938
54117 125938
54118 125937
54058 125878
54058 125878
54117 125938
54178 125938
54057 125759
54118 125879
54117 125819
54057 125939
54117 125877
54238 125938
54058 125878
54178 125879
54118 125938
54058 125818
54117 125759
54057 125938
54177 125937
54118 125938
54057 125818
54057 125939
54058 125939
54238 125879
54057 125877
54058 125938
54060 125937
54059 125877
54057 125938
54058 125937
54177 125938
54180 125818
54119 125878
54120 125879
54120 125938
54060 125818
54057 125937
54178 125879
54057 125879
54060 125938
54119 125937
54119 125878
54180 125937
54059 125879
54178 125818
54060 125878
54057 125877
54058 125938
54120 125938
54117 125939
54057 125938
54177 125758
54238 125758
54179 125878
54058 125878
54177 125877
54060 125819
54057 125938
54057 125937
54059 125937
54059 125878
54118 125757
54118 125879
54177 125877
54117 125819
54060 125939
54117 125879
54118 125878
54120 125818
54057 125937
54237 125939
54058 125937
54059 125939
54059 125877
54060 125877
54178 125699
54057 125878
54118 125939
54119 125938
54120 125879
54058 125878
54117 125938
54058 125879
54058 125879
54058 125878
54178 125879
54120 125938
54117 125879
54059 125937
54118 125938
54179 125818
54118 125877
54119 125878
54178 125877
54058 125938
54117 125879
54178 125937
54058 125817
54060 125939
54057 125938
54058 125878
54180 125877
54120 125879
54058 125758
54117 125878
54120 125879
54058 125879
54178 125818
54117 125938
54180 125757
54060 125817
54058 125818
54058 125879
54177 125878
54060 125819
54059 125818
54178 125878
54058 125758
54057 125757
54178 125877
54058 125879
54177 125879
54060 125938
54058 125878
54118 125937
54058 125817
54058 125879
54118 125879
54119 125879
54057 125878
54120 125939
54120 125937
54237 125938
54180 125878
54059 125937
54058 125879
54058 125819
54057 125877
54120 125878
54120 125937
54117 125938
54117 125879
54297 125878
54120 125939
54177 125878
54117 125879
54058 125877
54117 125879
54118 125878
54060 125879
54118 125878
54058 125878
54059 125878
54058 125937
54117 125937
54058 125818
54178 125878
54057 125818
54058 125938
54237 125877
54119 125819
54058 125759
54117 125938
54058 125937
54059 125938
54117 125938
54060 125818
54057 125817
54177 125879
54057 125937
54118 125878
54058 125878
54297 125878
54117 125817
54180 125878
54119 125878
54118 125879
54060 125937
54058 125818
54117 125759
54057 125939
54120 125819
54237 125939
54057 125879
54118 125878
54117 125938
54177 125878
54180 125878
54057 125879
54060 125939
54117 125877
54059 125939
54058 125817
54058 125937
54118 125937
54117 125938
54177 125879
54117 125937
54058 125818
54119 125878
54058 125819
54118 125819
54177 125817
54058 125939
54058 125938
54180 125877
54117 125879
54057 125938
54179 125877
54057 125937
54120 125878
54120 125939
54179 125938
54180 125879
54118 125879
54057 125879
54057 125938
54119 125938
54060 125819
54120 125819
54060 125938
54118 125938
54058 125759
54058 125757
54058 125819
54057 125937
54058 125938
54180 125877
54117 125938
54117 125938
54058 125758
54118 125819
54120 125878
54118 125939
54120 125937
54238 125877
54178 125938
54058 125938
54058 125937
54117 125938
54177 125878
54179 125938
54058 125878
54060 125938
54058 125937
54057 125878
54058 125938
54059 125937
54058 125938
54118 125818
54058 125939
54060 125877
54059 125759
54177 125878
54057 125879
54058 125879
54058 125938
54058 125818
54060 125759
54237 125938
54117 125879
54120 125877
54057 125879
54060 125937
54120 125877
54238 125938
54119 125939
54118 125758
54178 125938
54058 125878
54059 125818
54117 125878
54058 125938
54120 125938
54180 125878
54177 125818
54117 125877
54120 125878
54180 125819
54057 125878
54059 125878
54117 125938
54057 125939
54117 125757
54057 125939
54058 125938
54177 125879
54059 125878
54060 125938
54178 125937
54058 125939
54120 125879
54059 125879
54117 125879
54058 125877
54178 125878
54060 125938
54057 125878
54057 125877
54060 125939
54058 125817
54057 125937
54058 125877
54060 125938
54120 125818
54178 125878
54057 125877
54177 125937
54057 125938
54060 125878
54120 125938
54120 125879
54119 125819
54117 125698
54057 125878
54238 125819
54059 125818
54058 125879
54060 125877
54120 125819
54060 125879
54118 125877
54059 125937
54118 125877
54057 125938
54178 125938
54178 125938
54118 125939
54057 125938
54060 125878
54058 125938
54057 125819
54057 125937
54120 125879
54058 125818
54117 125878
54119 125878
54060 125818
54118 125937
54117 125877
54058 125877
54178 125879
54117 125879
54237 125757
54118 125878
54060 125877
54057 125819
54117 125878
54237 125818
54058 125937
54060 125817
54058 125758
54119 125877
54120 125939
54179 125938
54060 125879
54060 125877
54117 125877
54178 125818
54118 125938
54177 125819
54058 125937
54119 125877
54117 125937
54177 125878
54119 125818
54118 125878
54060 125879
54060 125878
54117 125818
54119 125937
54177 125879
54060 125819
54057 125818
54117 125819
54060 125937
54177 125877
54178 125819
54118 125879
54057 125878
54120 125879
54179 125878
54058 125937
54057 125939
54060 125758
54119 125818
54120 125817
54057 125818
54118 125879
54118 125937
54058 125878
54238 125877
54179 125937
54117 125877
54117 125818
54117 125817
54118 125878
54118 125878
54057 125878
54178 125878
54058 125819
54118 125878
54058 125879
54059 125877
54180 125817
54118 125879
54117 125877
54060 125938
54058 125937
54118 125877
54119 125817
54057 125818
54057 125758
54060 125937
54058 125937
54058 125878
54118 125937
54060 125878
54057 125939
54118 125818
54057 125818
54060 125937
54178 125817
54119 125879
54058 125878
54058 125877
54057 125938
54118 125758
54059 125939
54119 125878
54120 125879
54299 125878
54058 125937
54057 125939
54059 125937
54057 125819
54060 125939
54180 125877
54059 125937
54120 125819
54178 125939
54120 125939
54060 125878
54238 125877
54057 125878
54058 125937
54178 125939
54059 125757
54120 125877
54060 125938
54120 125879
54239 125818
54177 125878
54060 125817
54238 125878
54119 125819
54059 125938
54120 125877
54178 125758
54060 125878
54237 125877
54117 125937
54058 125879
54058 125818
54118 125937
54058 125878
54119 125939
54118 125817
54117 125938
54059 125879
54060 125938
54057 125938
54117 125937
54117 125878
54059 125817
54058 125879
54117 125939
54178 125817
54178 125817
54058 125878
54058 125938
54057 125939
54237 125879
54058 125877
54057 125939
54057 125817
54119 125877
54057 125879
54117 125939
54060 125817
54180 125938
54059 125877
54237 125818
54117 125938
54120 125937
54120 125877
54117 125938
54057 125937
54120 125878
54060 125878
54177 125877
54119 125938
54117 125819
54058 125878
54059 125819
54177 125938
54058 125817
54178 125937
54057 125758
54058 125819
54117 125819
54298 125879
54177 125939
54059 125877
54118 125818
54118 125817
54118 125937
54118 125937
54120 125939
54060 125939
54237 125877
54177 125938
54058 125877
54117 125697
54057 125878
54058 125939
54058 125937
54120 125878
54178 125938
54117 125939
54058 125939
54177 125938
54117 125937
54057 125818
54060 125938
54060 125878
54238 125937
54118 125818
54058 125877
54059 125939
54060 125878
54057 125937
54119 125878
54117 125878
54180 125878
54120 125878
54118 125758
54117 125879
54059 125818
54060 125877
54058 125877
54060 125758
54060 125819
54118 125759
54058 125938
54177 125878
54118 125817
54117 125818
54120 125937
54117 125937
54120 125819
54177 125938
54179 125938
54060 125819
54118 125937
54118 125879
54060 125937
54119 125937
54060 125938
54177 125938
54060 125878
54058 125938
0 600038145
54059 125937
54237 125938
54058 125879
54058 125879
54057 125939
54117 125877
54057 125878
54057 125937
54178 125938
54059 125878
54118 125819
54057 125818
54060 125938
54178 125877
54058 125877
54059 125938
54057 125879
54057 125878
54059 125938
54178 125938
54060 125939
54060 125877
54120 125877
54238 125817
54057 125878
54060 125938
54118 125879
54059 125938
54177 125878
54057 125937
54059 125938
54178 125937
54120 125879
54118 125817
54119 125819
54058 125878
54058 125939
54060 125878
54060 125878
54118 125877
54057 125818
54058 125939
54118 125759
54058 125878
54057 125817
54117 125818
54059 125938
54058 125879
54237 125818
54060 125819
54060 125877
54117 125939
54060 125878
54118 125818
54120 125819
54118 125819
54119 125878
54059 125937
54057 125939
54117 125878
54118 125879
54058 125937
54120 125818
54118 125877
54117 125878
54118 125938
54177 125879
54120 125879
54178 125937
54177 125878
54058 125938
54117 125877
54118 125938
54059 125878
54120 125879
54118 125937
54177 125937
54057 125877
54118 125819
54058 125939
54059 125938
54057 125937
54118 125878
54059 125937
54060 125938
54057 125878
54177 125877
54120 125818
54178 125877
54059 125878
54177 125877
54058 125877
54058 125817
54180 125818
54058 125818
54117 125818
54117 125879
54119 125938
54058 125877
54118 125877
54059 125879
54118 125939
54118 125877
54119 125938
54179 125937
54060 125879
54060 125878
54060 125877
54060 125817
54120 125939
54058 125939
54178 125758
54119 125877
54118 125877
54178 125878
54118 125879
54118 125878
54060 125878
54057 125938
54059 125878
54117 125937
54118 125937
54059 125817
54118 125818
54178 125879
54118 125878
54118 125878
54117 125878
54118 125938
54117 125937
54058 125818
54118 125758
54057 125938
54059 125817
54118 125819
54058 125879
54118 125877
54058 125758
54177 125818
54178 125938
54178 125937
54058 125938
54060 125938
54118 125818
54060 125878
54059 125879
54058 125938
54059 125877
54058 125877
54177 125939
54058 125938
54058 125817
54059 125939
54057 125818
54060 125937
54058 125937
54060 125938
54117 125937
54177 125938
54117 125939
54119 125878
54178 125937
54058 125878
54059 125938
54058 125879
54177 125938
54058 125878
54178 125819
54119 125877
54117 125877
54117 125878
54057 125877
54178 125877
54117 125877
54059 125937
54179 125878
54058 125938
54177 125819
54117 125939
54059 125939
54119 125937
54058 125819
54060 125939
54177 125938
54057 125878
54117 125939
54060 125877
54178 125818
54178 125878
54120 125939
54237 125878
54120 125938
54117 125878
54060 125879
54057 125759
54117 125878
54057 125939
54058 125878
54058 125877
54120 125878
54120 125878
54059 125818
54117 125758
54119 125938
54177 125937
54057 125938
54060 125939
54059 125939
54060 125879
54059 125938
54117 125877
54117 125937
54118 125877
54058 125938
54060 125878
54059 125939
54118 125878
54059 125879
54118 125877
54057 125878
54057 125939
54119 125878
54240 125939
54060 125937
54177 125938
54177 125938
54057 125938
54180 125939
54057 125877
54118 125879
54117 125877
54118 125878
54178 125939
54118 125878
54178 125937
54058 125759
54118 125938
54060 125938
54118 125877
54178 125879
54060 125939
54120 125938
54057 125937
54060 125818
54058 125877
54060 125938
54119 125878
54060 125939
54179 125938
54058 125938
54117 125878
54060 125939
54057 125939
54238 125878
54120 125879
54118 125759
54177 125878
54060 125877
54119 125877
54058 125939
54178 125878
54119 125877
54058 125879
54060 125939
54119 125877
54058 125937
54179 125878
54178 125818
54117 125937
54178 125937
54117 125878
54177 125818
54058 125939
54060 125938
54058 125938
54177 125938
54118 125938
54118 125937
54057 125879
54058 125938
54118 125819
54177 125879
54058 125938
54058 125757
54058 125938
54120 125938
54060 125819
54117 125879
54058 125877
54058 125819
54177 125878
54120 125878
54057 125878
54118 125817
54178 125877
54060 125759
54118 125937
54120 125939
54059 125877
54118 125938
54117 125938
54178 125939
54117 125878
54118 125937
54060 125939
54058 125877
54120 125817
54180 125937
54058 125879
54119 125938
54178 125877
54058 125937
54120 125819
54057 125877
54118 125759
54120 125877
54118 125939
54058 125937
54178 125938
54060 125937
54058 125759
54120 125938
54117 125937
54057 125818
54117 125879
54060 125879
54118 125937
54058 125819
54119 125939
54058 125879
54058 125817
54057 125937
54059 125937
54060 125878
54058 125937
54119 125818
54178 125817
54118 125817
54060 125819
54120 125878
54059 125939
54058 125877
54059 125817
54058 125878
54060 125817
54178 125878
54059 125938
54060 125938
54058 125938
54057 125818
54058 125879
54118 125877
54118 125879
54179 125877
54120 125818
54117 125937
54118 125879
54058 125937
54178 125878
54178 125878
54058 125938
54179 125877
54118 125938
54057 125938
54120 125937
54237 125819
54117 125817
54059 125818
54118 125939
54060 125818
54117 125877
54119 125937
54177 125759
54060 125819
54057 125759
54057 125877
54058 125817
54177 125877
54057 125877
54059 125819
54117 125937
54120 125939
54178 125817
54177 125877
54119 125877
54118 125879
54060 125938
54057 125819
54058 125938
54058 125877
54060 125818
54177 125878
54058 125938
54058 125878
54119 125939
54057 125878
54118 125879
54060 125937
54057 125819
54119 125878
54060 125937
54059 125878
54057 125938
54058 125878
54120 125817
54058 125937
54118 125879
54117 125819
54060 125878
54060 125878
54119 125818
54118 125939
54058 125879
54177 125878
54058 125879
54119 125818
54177 125879
54239 125938
54057 125817
54118 125879
54060 125699
54118 125938
54057 125819
54058 125879
54058 125697
54057 125878
54119 125878
54118 125939
54058 125937
54057 125819
54059 125758
54059 125937
54058 125818
54058 125938
54118 125937
54059 125817
54120 125819
54059 125938
54178 125877
54059 125939
54059 125879
54059 125817
54118 125877
54118 125877
54057 125937
54058 125877
54057 125757
54119 125878
54118 125818
54058 125878
54058 125938
54118 125877
54117 125878
54177 125939
54179 125938
54117 125757
54058 125819
54057 125878
54177 125878
54058 125939
54057 125938
54058 125878
54120 125819
54119 125937
54057 125878
54119 125819
54237 125937
54118 125819
54057 125818
54118 125937
54178 125877
54117 125818
54058 125879
54180 125878
54060 125938
54060 125819
54058 125879
54060 125819
54057 125937
54057 125937
54060 125938
54060 125879
54117 125939
54058 125939
54178 125937
54177 125937
54057 125939
54178 125819
54117 125937
54118 125877
54180 125877
54057 125819
54118 125819
54060 125938
54060 125878
54177 125817
54118 125938
54118 125938
54118 125939
54058 125939
54058 125758
54060 125879
54060 125937
54177 125937
54057 125817
54058 125878
54179 125817
54118 125939
54058 125937
54060 125938
54119 125878
54237 125878
54117 125938
54178 125937
54057 125879
54058 125819
54119 125878
54118 125937
54177 125877
54119 125818
54177 125877
54120 125819
54117 125877
54057 125879
54059 125877
54058 125819
54118 125877
54120 125759
54117 125937
54117 125937
54060 125819
54058 125878
54237 125879
54058 125819
54060 125878
54060 125878
54120 125877
54118 125939
54117 125878
54060 125818
54057 125938
54059 125817
54118 125937
54059 125939
54060 125879
54058 125937
54058 125879
54059 125938
54117 125938
54060 125938
54178 125759
54057 125817
54060 125939
54057 125878
54238 125938
54177 125879
54058 125817
54058 125879
54117 125817
54058 125879
54118 125877
54058 125878
54117 125878
54119 125879
54120 125938
54060 125877
54060 125937
54057 125938
54057 125877
54118 125877
54178 125938
54058 125938
54120 125937
54118 125938
54118 125938
54058 125759
54060 125759
54058 125818
54120 125879
54120 125938
54058 125937
54057 125877
54177 125818
54118 125877
54117 125878
54118 125938
54058 125877
54120 125879
54060 125938
54058 125938
54060 125818
54238 125938
54058 125878
54058 125939
54119 125879
54060 125937
54059 125937
54057 125817
54059 125878
54119 125759
54178 125938
54177 125879
54057 125877
54060 125819
54060 125939
54057 125937
54060 125817
54120 125937
54057 125938
54118 125939
54177 125818
54058 125818
54178 125878
54060 125818
54298 125938
54119 125878
54060 125818
54117 125938
54119 125819
54118 125937
54057 125878
54058 125878
54117 125879
54117 125878
54118 125877
54060 125938
54119 125937
54058 125878
54117 125937
54057 125938
54179 125877
54058 125818
54179 125819
54060 125878
54239 125878
54118 125818
54118 125937
54179 125878
54118 125937
54060 125879
54059 125878
54060 125938
54119 125878
54117 125878
54057 125817
54058 125877
54119 125878
54058 125878
54180 125878
54060 125878
54060 125939
54177 125938
54057 125759
54057 125938
54058 125877
54060 125879
54058 125818
54177 125938
54058 125817
54118 125818
54118 125878
54058 125819
54118 125818
54119 125818
54058 125879
54058 125817
54118 125938
54057 125878
54060 125878
54177 125938
54119 125938
54120 125939
54117 125757
54177 125878
54059 125878
54058 125939
54179 125878
54060 125937
54177 125938
54060 125817
54060 125938
54179 125938
54058 125819
54117 125878
54058 125879
54120 125759
54118 125938
54177 125878
54057 125938
54058 125818
54060 125818
54058 125819
54180 125878
54119 125938
54177 125939
54059 125819
54177 125878
54057 125878
54059 125939
54117 125878
54057 125818
54118 125699
54117 125757
54118 125819
54117 125937
54237 125819
54060 125818
54178 125819
54180 125878
54118 125878
54177 125877
54119 125938
54058 125937
54177 125937
54058 125938
54058 125879
54120 125938
54117 125878
54058 125758
54058 125817
54060 125938
54060 125818
54117 125878
54117 125937
54059 125877
54060 125879
54119 125937
54058 125878
54119 125939
54117 125937
54179 125817
54240 125817
54180 125937
54058 125877
54117 125938
54058 125818
54060 125818
54118 125819
54057 125879
54058 125818
54060 125938
54059 125817
54119 125939
54298 125818
54059 125877
54059 125938
54060 125938
54058 125878
54057 125938
54058 125819
54118 125819
54058 125818
54118 125879
54117 125818
54120 125938
54177 125939
54178 125877
54059 125818
54060 125879
54058 125937
54057 125937
54240 125937
54117 125817
54060 125939
54058 125879
54178 125877
54118 125938
54118 125937
54060 125938
54177 125937
54060 125939
54117 125878
54060 125939
54117 125759
54058 125819
54117 125878
54060 125939
54177 125937
54177 125938
54178 125938
54119 125879
54117 125759
54060 125938
54117 125819
54237 125878
54177 125878
54298 125818
54177 125939
54059 125879
54057 125939
54119 125879
54178 125818
54238 125879
54178 125878
54060 125817
54117 125937
54118 125938
54177 125937
54058 125878
54118 125939
54178 125818
54178 125758
54058 125938
54177 125937
54057 125937
54060 125878
54058 125878
54058 125938
54058 125878
54059 125879
54058 125878
54117 125877
54118 125938
54060 125877
54057 125758
54118 125877
54059 125939
54178 125878
54120 125877
54058 125939
54058 125877
54060 125937
54117 125877
54058 125759
54177 125819
54059 125879
54057 125939
54118 125939
54058 125879
54120 125938
54177 125818
54117 125877
54117 125938
54060 125939
54118 125877
54118 125878
54058 125937
54117 125879
54117 125877
54060 125819
54119 125878
54118 125878
54117 125878
54058 125877
54057 125938
54118 125939
54117 125877
54058 125877
54118 125938
54178 125879
54118 125937
54059 125937
54240 125878
54060 125877
54058 125877
54117 125879
54119 125877
54178 125878
54057 125938
54118 125938
54117 125938
54119 125877
54180 125938
54057 125878
54118 125757
54120 125879
54058 125817
54118 125937
54057 125877
54058 125939
54058 125937
54059 125877
54118 125819
54058 125818
54057 125878
54117 125939
54058 125937
54178 125937
54118 125878
54119 125879
54058 125877
54177 125938
54118 125877
54057 125937
54117 125878
54118 125757
54237 125878
54237 125877
54057 125878
54177 125938
54058 125937
54117 125937
54117 125877
54118 125938
54238 125939
54057 125938
54058 125879
54057 125938
54118 125939
54058 125937
54177 125877
54058 125877
54118 125879
54178 125818
54117 125938
54117 125879
54120 125938
54057 125937
54117 125939
54057 125938
54058 125939
54238 125817
54058 125878
54058 125939
54059 125877
54118 125879
54058 125817
54118 125878
54058 125877
54118 125818
54059 125879
54117 125878
54178 125938
54118 125878
54060 125938
54117 125878
54118 125877
54060 125818
54118 125878
54058 125937
54058 125938
54179 125877
54058 125937
54120 125938
54060 125759
54057 125938
54178 125879
54060 125877
54238 125939
54118 125879
54117 125879
54058 125818
54060 125817
54117 125759
54057 125938
54120 125937
54057 125819
54060 125939
54057 125817
54058 125877
54119 125938
54060 125877
54117 125879
54117 125879
54058 125818
54120 125937
54059 125819
54118 125818
54057 125938
54057 125878
54178 125878
54177 125938
54057 125759
54058 125819
54178 125938
54057 125939
54118 125939
54060 125878
54117 125877
54117 125878
54058 125939
54178 125939
54118 125758
54237 125879
54178 125937
54058 125879
54117 125878
54177 125938
54058 125818
54118 125877
54060 125819
54118 125879
54178 125819
54059 125939
54058 125878
54058 125938
54118 125819
54178 125877
54177 125939
54177 125817
54057 125698
54058 125938
54119 125879
54058 125937
54118 125877
54058 125937
54117 125877
54059 125818
54117 125879
54178 125759
54057 125758
54057 125877
54119 125757
54118 125938
54119 125878
54120 125938
54057 125879
54057 125879
54177 125878
54058 125938
54118 125937
54119 125819
54058 125877
54117 125938
54059 125878
54238 125878
54060 125877
54058 125759
54118 125879
54058 125938
54058 125818
54118 125878
54119 125937
54060 125877
54117 125937
54057 125938
54060 125877
54120 125878
54177 125817
54060 125939
54058 125878
54177 125879
54060 125879
54059 125878
54120 125818
54057 125938
54117 125877
54059 125939
54117 125819
54058 125937
54059 125937
54058 125879
54117 125938
54057 125879
54178 125877
54057 125878
54118 125938
0 600038145
54117 125817
54177 125937
54057 125877
54058 125939
54058 125818
54118 125878
54118 125877
54119 125939
54178 125937
54237 125937
54118 125818
54120 125937
54057 125877
54060 125877
54060 125937
54060 125879
54118 125878
54058 125938
54118 125819
54178 125938
54118 125939
54118 125878
54059 125878
54178 125879
54119 125818
54119 125877
54118 125879
54060 125878
54058 125757
54119 125877
54120 125938
54120 125937
54057 125938
54057 125818
54060 125759
54060 125938
54059 125879
54177 125878
54118 125877
54060 125877
54177 125939
54118 125878
54118 125939
54118 125819
54118 125937
54119 125877
54177 125818
54118 125878
54117 125939
54118 125818
54177 125878
54057 125937
54179 125878
54237 125879
54117 125938
54118 125877
54058 125937
54237 125879
54120 125818
54178 125877
54058 125938
54118 125759
54120 125878
54118 125878
54118 125819
54057 125817
54119 125938
54117 125939
54120 125877
54057 125877
54058 125878
54117 125877
54178 125878
54058 125939
54119 125938
54237 125818
54118 125817
54060 125939
54117 125818
54058 125817
54120 125939
54178 125757
54119 125878
54059 125937
54119 125877
54117 125877
54057 125938
54120 125937
54119 125937
54058 125938
54120 125937
54120 125877
54119 125937
54058 125939
54058 125877
54058 125937
54060 125938
54060 125878
54118 125817
54117 125757
54057 125877
54118 125817
54059 125938
54117 125938
54060 125879
54057 125879
54059 125937
54117 125878
54058 125878
54238 125818
54118 125938
54118 125939
54117 125937
54118 125879
54059 125878
54060 125818
54119 125878
54059 125879
54057 125938
54238 125818
54058 125939
54058 125879
54058 125879
54057 125877
54060 125879
54117 125938
54059 125878
54117 125759
54120 125879
54060 125878
54118 125938
54060 125937
54118 125938
54177 125938
54178 125938
54058 125878
54237 125879
54120 125817
54178 125877
54119 125879
54120 125877
54120 125817
54240 125817
54117 125878
54057 125817
54059 125937
54118 125879
54058 125877
54178 125817
54060 125879
54057 125937
54117 125819
54117 125937
54120 125938
54119 125877
54058 125877
54237 125938
54059 125879
54117 125878
54058 125878
54058 125878
54120 125879
54117 125878
54060 125878
54059 125878
54057 125818
54177 125879
54117 125818
54060 125877
54060 125939
54058 125937
54118 125877
54118 125819
54060 125877
54177 125937
54057 125938
54117 125878
54118 125877
54120 125819
54058 125818
54058 125938
54057 125939
54120 125878
54059 125938
54058 125819
54059 125819
54060 125879
54058 125938
54059 125759
54178 125817
54058 125879
54059 125938
54119 125878
54058 125938
54240 125938
54118 125817
54057 125938
54178 125937
54060 125937
54237 125937
54117 125879
54060 125879
54058 125877
54180 125759
54059 125939
54058 125878
54120 125938
54120 125878
54058 125939
54120 125938
54058 125937
54059 125877
54058 125759
54117 125757
54060 125817
54118 125878
54177 125937
54060 125877
54177 125939
54057 125937
54060 125939
54117 125879
54058 125879
54177 125938
54120 125878
54179 125937
54060 125758
54058 125938
54057 125877
54178 125938
54118 125818
54117 125938
54117 125939
54118 125938
54058 125937
54060 125878
54118 125938
54178 125878
54118 125877
54237 125939
54060 125878
54058 125938
54117 125937
54058 125938
54060 125937
54117 125939
54118 125878
54119 125878
54120 125879
54118 125819
54118 125879
54239 125938
54118 125938
54120 125938
54239 125938
54059 125818
54237 125878
54060 125818
54058 125937
54118 125877
54119 125817
54177 125758
54060 125878
54118 125879
54059 125879
54117 125878
54058 125938
54059 125938
54120 125937
54117 125938
54117 125878
54177 125878
54178 125878
54060 125938
54119 125878
54058 125879
54180 125877
54059 125879
54117 125818
54117 125938
54180 125818
54120 125878
54060 125937
54118 125938
54059 125817
54060 125938
54117 125879
54118 125937
54057 125878
54057 125878
54059 125879
54060 125937
54059 125937
54058 125938
54057 125938
54060 125878
54118 125877
54177 125938
54120 125937
54118 125938
54057 125818
54237 125878
54177 125879
54358 125937
54118 125878
54180 125877
54120 125877
54117 125817
54120 125877
54180 125878
54060 125938
54118 125878
54117 125817
54060 125878
54058 125939
54117 125939
54118 125878
54058 125938
54058 125878
54060 125938
54117 125879
54120 125819
54120 125938
54118 125877
54057 125937
54060 125937
54120 125938
54059 125937
54057 125878
54059 125938
54057 125939
54057 125937
54059 125818
54058 125937
54177 125937
54058 125939
54118 125938
54118 125938
54060 125878
54179 125878
54119 125759
54117 125818
54059 125759
54177 125819
54117 125879
54178 125939
54120 125878
54060 125879
54119 125878
54058 125939
54118 125937
54059 125938
54178 125818
54060 125938
54180 125937
54177 125879
54060 125938
54057 125819
54118 125818
54117 125879
54059 125939
54117 125878
54177 125879
54178 125817
54118 125877
54058 125757
54059 125938
54118 125939
54057 125878
54177 125878
54119 125878
54060 125939
54118 125938
54177 125938
54058 125879
54058 125939
54237 125937
54179 125819
54120 125938
54059 125878
54118 125937
54117 125877
54118 125818
54117 125937
54238 125878
54237 125877
54117 125938
54058 125879
54118 125878
54120 125938
54238 125939
54058 125939
54177 125938
54058 125877
54118 125878
54117 125817
54057 125879
54120 125877
54238 125877
54057 125937
54058 125938
54118 125879
54118 125877
54060 125817
54060 125818
54178 125818
54117 125939
54058 125817
54120 125817
54118 125937
54058 125879
54180 125937
54120 125937
54118 125878
54057 125879
54059 125938
54178 125878
54058 125878
54057 125818
54060 125938
54177 125819
54058 125878
54060 125878
54178 125878
54060 125878
54057 125758
54060 125937
54118 125819
54060 125819
54060 125819
54117 125818
54178 125879
54058 125938
54059 125757
54120 125939
54060 125818
54057 125877
54058 125878
54118 125877
54120 125877
54057 125877
54058 125939
54120 125818
54118 125818
54057 125937
54238 125818
54118 125877
54177 125878
54059 125879
54118 125937
54057 125937
54179 125878
54180 125877
54120 125878
54119 125938
54118 125879
54117 125878
54060 125938
54119 125938
54120 125937
54180 125877
54178 125819
54057 125939
54058 125938
54118 125938
54118 125879
54060 125757
54060 125698
54178 125818
54120 125877
54060 125759
54058 125939
54119 125939
54120 125938
54117 125877
54060 125938
54238 125877
54180 125878
54179 125938
54060 125878
54060 125937
54180 125877
54058 125938
54117 125817
54057 125819
54180 125938
54058 125938
54058 125938
54060 125877
54059 125878
54119 125937
54119 125879
54060 125937
54058 125938
54117 125819
54058 125878
54118 125879
54117 125817
54177 125878
54057 125879
54058 125939
54059 125879
54057 125937
54118 125938
54178 125939
54119 125938
54058 125937
54060 125877
54059 125817
54118 125817
54118 125879
54059 125939
54058 125817
54060 125939
54057 125878
54060 125818
54118 125937
54119 125759
54178 125939
54120 125818
54117 125819
54058 125939
54058 125938
54117 125938
54060 125937
54119 125937
54117 125878
54059 125817
54177 125877
54060 125937
54118 125878
54237 125879
54178 125878
54120 125937
54060 125818
54119 125937
54177 125939
54060 125818
54060 125877
54058 125818
54058 125819
54178 125879
54058 125817
54058 125939
54058 125939
54179 125879
54118 125939
54058 125817
54118 125938
54118 125818
54118 125938
54120 125879
54177 125939
54120 125818
54117 125938
54060 125938
54058 125938
54118 125819
54119 125877
54118 125757
54058 125937
54120 125939
54118 125937
54059 125817
54180 125878
54117 125818
54058 125937
54178 125818
54059 125937
54117 125938
54117 125819
54117 125937
54117 125818
54058 125877
54120 125878
54177 125878
54058 125879
54057 125878
54058 125937
54178 125939
54117 125939
54118 125937
54119 125878
54060 125937
54060 125937
54058 125879
54058 125877
54238 125939
54237 125938
54060 125877
54117 125877
54117 125878
54059 125938
54057 125937
54120 125878
54060 125878
54058 125878
54058 125937
54117 125939
54057 125878
54117 125879
54058 125939
54178 125877
54057 125818
54240 125937
54117 125878
54118 125878
54178 125818
54117 125817
54057 125938
54059 125938
54060 125698
54117 125937
54117 125938
54179 125878
54058 125878
54120 125879
54177 125878
54118 125877
54120 125879
54058 125879
54060 125878
54058 125937
54177 125758
54118 125879
54120 125938
54060 125937
54119 125877
54119 125939
54057 125879
54118 125938
54117 125937
54117 125879
54059 125937
54060 125758
54297 125818
54119 125937
54057 125758
54177 125877
54118 125818
54059 125878
54058 125818
54118 125878
54120 125878
54058 125879
54057 125938
54178 125819
54118 125878
54117 125878
54119 125879
54119 125878
54057 125937
54117 125939
54060 125817
54117 125938
54178 125877
54178 125939
54060 125878
54058 125938
54117 125878
54117 125939
54120 125939
54058 125878
54060 125938
54060 125938
54118 125877
54058 125878
54120 125938
54178 125878
54058 125879
54178 125758
54179 125818
54058 125879
54118 125937
54120 125878
54057 125817
54117 125939
54177 125939
54119 125937
54118 125937
54059 125937
54120 125938
54177 125819
54180 125877
54118 125817
54057 125877
54057 125938
54058 125759
54237 125819
54118 125938
54120 125879
54118 125939
54117 125818
54060 125938
54117 125937
54058 125877
54058 125879
54058 125937
54117 125877
54059 125938
54118 125878
54057 125938
54178 125938
54118 125877
54058 125878
54060 125938
54060 125879
54178 125937
54057 125938
54120 125819
54118 125818
54120 125879
54177 125937
54058 125879
54059 125939
54118 125879
54118 125759
54060 125939
54118 125937
54057 125878
54238 125937
54179 125819
54060 125817
54180 125937
54180 125698
54058 125819
54117 125878
54118 125878
54059 125819
54057 125937
54118 125818
54118 125877
54058 125879
54057 125818
54178 125818
54118 125939
54060 125878
54060 125819
54119 125938
54178 125818
54178 125819
54238 125938
54058 125878
54057 125939
54120 125817
54059 125879
54060 125937
54058 125937
54118 125938
54057 125878
54237 125939
54118 125938
54059 125938
54118 125938
54057 125937
54060 125878
54117 125818
54058 125939
54060 125877
54180 125937
54060 125878
54058 125879
54178 125937
54118 125938
54178 125878
54120 125938
54120 125938
54117 125879
54117 125878
54060 125757
54238 125937
54118 125877
54119 125938
54119 125939
54059 125879
54117 125877
54059 125939
54058 125938
54120 125758
54178 125879
54060 125819
54060 125939
54058 125938
54059 125937
54117 125939
54060 125877
54119 125937
54057 125939
54058 125878
54060 125938
54117 125879
54180 125937
54178 125758
54117 125819
54117 125938
54119 125877
54060 125878
54120 125879
54118 125937
54057 125877
54058 125937
54060 125757
54057 125818
54057 125877
54060 125938
54117 125877
54118 125938
54118 125877
54178 125939
54059 125879
54119 125818
54118 125817
54118 125939
54177 125879
54117 125939
54118 125939
54119 125877
54177 125877
54178 125939
54178 125937
54179 125938
54058 125877
54180 125937
54119 125938
54239 125757
54120 125879
54058 125937
54118 125938
54118 125879
54178 125878
54120 125818
54058 125937
54119 125937
54058 125938
54060 125938
54059 125939
54120 125879
54179 125939
54118 125879
54119 125818
54178 125877
54118 125877
54058 125938
54059 125938
54180 125938
54058 125939
54060 125879
54058 125939
54238 125938
54058 125879
54119 125877
54057 125818
54057 125879
54179 125937
54059 125877
54120 125699
54060 125819
54058 125878
54118 125878
54058 125758
54118 125877
54177 125939
54060 125938
54058 125938
54118 125818
54178 125937
54120 125938
54058 125878
54120 125939
54177 125879
54057 125938
54059 125878
54118 125937
54118 125879
54118 125819
54058 125877
54177 125937
54060 125938
54060 125937
54117 125878
54057 125939
54118 125937
54057 125879
54118 125759
54057 125878
54117 125938
54118 125937
54120 125939
54118 125878
54118 125877
54058 125938
54178 125938
54117 125878
54120 125937
54058 125878
54060 125938
54057 125877
54059 125877
54059 125878
54060 125939
54177 125939
54237 125878
54237 125937
54059 125937
54057 125878
54119 125937
54060 125819
54060 125757
54178 125878
54118 125878
54118 125818
54118 125939
54178 125878
54058 125879
54060 125818
54118 125817
54059 125938
54058 125878
54120 125878
54060 125877
54120 125938
54118 125937
54178 125818
54060 125938
54057 125878
54119 125698
54058 125818
54120 125877
54060 125877
54060 125878
54177 125877
54120 125938
54118 125878
54118 125938
54118 125937
54057 125877
54117 125939
54178 125937
54118 125879
54119 125938
54120 125878
54119 125938
54058 125877
54058 125938
54060 125938
54118 125938
54059 125817
54177 125939
54180 125877
54118 125878
54058 125938
54059 125879
54060 125819
54118 125818
54117 125937
54060 125879
54177 125939
54118 125878
54120 125878
54238 125877
54060 125817
54119 125757
54179 125937
54058 125877
54177 125938
54120 125939
54118 125878
54057 125819
54118 125878
54120 125879
54180 125877
54060 125818
54059 125877
54060 125939
54237 125878
54118 125878
54238 125937
54057 125938
54117 125939
54117 125939
54060 125938
54117 125939
54120 125879
54177 125938
54177 125878
54058 125877
54118 125877
54120 125877
54120 125938
54060 125878
54119 125937
54299 125937
54058 125819
54059 125937
54117 125878
54120 125818
54238 125877
54058 125937
54060 125938
54060 125878
54120 125938
54120 125937
54058 125879
54118 125819
54119 125939
54179 125939
54057 125818
54058 125939
54178 125878
54059 125939
54118 125938
54117 125938
54119 125938
54120 125819
54060 125877
54179 125818
54118 125877
54177 125939
54117 125879
54058 125818
54177 125937
54060 125878
54058 125818
54178 125818
54057 125878
54117 125937
54118 125878
54057 125819
54058 125938
54060 125878
54057 125879
54180 125937
54059 125938
54117 125878
54117 125699
54180 125818
54179 125938
54118 125938
54117 125939
54058 125877
54117 125758
54120 125937
54120 125879
54120 125938
54058 125938
54240 125817
54118 125878
54118 125879
0 600038145
54057 125877
54117 125758
54178 125877
54057 125877
54120 125938
54057 125938
54180 125937
54060 125878
54120 125817
54060 125878
54177 125937
54058 125939
54059 125877
54057 125938
54117 125818
54060 125939
54298 125819
54059 125939
54118 125877
54060 125878
54057 125878
54058 125937
54180 125818
54118 125937
54058 125877
54117 125877
54058 125877
54058 125937
54118 125938
54060 125878
54057 125877
54058 125938
54058 125938
54117 125938
54178 125878
54117 125879
54120 125758
54120 125817
54060 125878
54177 125818
54118 125938
54118 125879
54118 125939
54058 125878
54120 125937
54060 125937
54117 125818
54058 125878
54060 125878
54299 125877
54059 125877
54119 125937
54117 125877
54058 125878
54118 125877
54060 125877
54117 125878
54238 125877
54120 125877
54118 125877
54057 125879
54179 125939
54057 125878
54119 125937
54118 125877
54118 125937
54118 125878
54119 125877
54058 125878
54060 125818
54119 125937
54060 125757
54057 125938
54238 125757
54118 125939
54060 125877
54178 125877
54118 125758
54057 125878
54117 125818
54118 125817
54057 125878
54120 125937
54060 125939
54058 125938
54119 125878
54238 125937
54117 125937
54178 125819
54057 125879
54058 125818
54119 125879
54177 125877
54058 125819
54059 125878
54120 125819
54117 125878
54060 125878
54119 125937
54058 125939
54058 125878
54058 125757
54060 125938
54060 125939
54118 125759
54058 125877
54057 125878
54119 125878
54177 125879
54057 125937
54058 125818
54237 125819
54177 125879
54119 125877
54058 125937
54119 125937
54118 125938
54119 125939
54177 125938
54118 125818
54059 125819
54059 125939
54240 125939
54118 125879
54060 125879
54060 125938
54120 125878
54060 125938
54118 125937
54057 125818
54178 125939
54120 125877
54119 125878
54060 125938
54059 125819
54120 125879
54178 125937
54057 125938
54177 125818
54059 125877
54120 125819
54057 125818
54057 125937
54118 125939
54239 125818
54057 125877
54058 125878
54057 125939
54117 125819
54118 125818
54120 125818
54118 125758
54058 125938
54058 125818
54118 125878
54058 125879
54117 125819
54058 125937
54118 125818
54177 125877
54057 125878
54059 125938
54120 125877
54117 125878
54177 125937
54117 125938
54060 125938
54059 125939
54059 125938
54118 125938
54120 125879
54058 125818
54118 125759
54119 125819
54117 125877
54178 125879
54058 125939
54118 125818
54180 125937
54060 125938
54058 125878
54120 125819
54178 125877
54118 125877
54058 125757
54120 125937
54120 125937
54180 125939
54058 125698
54240 125817
54178 125818
54177 125878
54059 125937
54120 125877
54119 125878
54118 125937
54058 125939
54119 125938
54117 125818
54057 125818
54058 125878
54058 125878
54177 125878
54118 125939
54120 125877
54118 125819
54058 125878
54058 125939
54060 125939
54057 125938
54058 125879
54119 125939
54178 125938
54058 125817
54238 125877
54058 125879
54120 125879
54058 125937
54177 125938
54057 125878
54058 125877
54058 125937
54238 125877
54179 125878
54058 125938
54059 125879
54058 125878
54118 125757
54060 125938
54177 125879
54177 125878
54300 125938
54058 125819
54117 125878
54060 125817
54177 125879
54058 125938
54057 125937
54118 125937
54058 125937
54119 125938
54058 125938
54118 125938
54058 125817
54177 125939
54118 125877
54059 125879
54058 125937
54118 125817
54060 125938
54057 125938
54117 125939
54057 125939
54179 125817
54118 125818
54117 125877
54058 125758
54118 125939
54118 125939
54059 125938
54118 125878
54117 125878
54060 125937
54177 125879
54118 125819
54117 125937
54119 125879
54118 125878
54237 125758
54118 125878
54058 125877
54059 125878
54058 125758
54118 125818
54057 125939
54180 125937
54058 125937
54060 125878
54118 125818
54118 125759
54179 125878
54118 125938
54057 125939
54238 125879
54059 125818
54058 125878
54060 125877
54118 125878
54118 125939
54060 125818
54058 125818
54060 125938
54058 125817
54120 125817
54117 125878
54118 125938
54057 125878
54178 125817
54057 125757
54118 125879
54118 125818
54118 125938
54058 125938
54058 125939
54058 125938
54058 125938
54118 125877
54059 125879
54059 125939
54178 125818
54118 125877
54118 125879
54120 125878
54060 125759
54120 125938
54057 125759
54060 125818
54059 125937
54118 125817
54177 125939
54118 125938
54060 125878
54178 125878
54059 125937
54117 125879
54060 125937
54119 125877
54180 125879
54117 125937
54118 125878
54058 125879
54177 125938
54060 125877
54119 125818
54117 125938
54178 125819
54058 125939
54120 125819
54057 125939
54058 125939
54060 125937
54060 125938
54118 125878
54058 125877
54057 125879
54117 125759
54060 125818
54119 125877
54058 125879
54060 125818
54058 125817
54178 125878
54058 125938
54118 125818
54058 125877
54118 125938
54117 125878
54120 125878
54238 125877
54058 125878
54058 125938
54060 125879
54058 125879
54119 125937
54117 125937
54058 125817
54118 125937
54179 125879
54239 125817
54058 125937
54119 125819
54060 125938
54059 125819
54118 125879
54059 125937
54058 125878
54118 125877
54058 125878
54058 125878
54118 125759
54118 125939
54058 125878
54118 125938
54058 125818
54118 125937
54057 125877
54180 125877
54118 125818
54058 125937
54118 125938
54117 125937
54059 125938
54177 125818
54060 125878
54057 125877
54240 125938
54119 125878
54117 125939
54118 125938
54118 125938
54058 125818
54058 125877
54177 125879
54058 125878
54117 125818
54180 125759
54117 125819
54058 125938
54060 125937
54118 125938
54060 125938
54118 125818
54059 125939
54060 125938
54117 125878
54119 125938
54118 125878
54060 125937
54119 125757
54058 125818
54058 125638
54060 125819
54058 125938
54118 125937
54238 125937
54120 125939
54118 125819
54060 125878
54117 125878
54180 125818
54119 125937
54057 125937
54117 125939
54060 125939
54178 125877
54058 125878
54058 125879
54058 125878
54059 125878
54060 125938
54057 125937
54120 125878
54060 125937
54057 125819
54059 125878
54118 125818
54178 125938
54057 125879
54057 125937
54118 125877
54118 125937
54058 125819
54119 125879
54180 125878
54059 125937
54120 125938
54058 125878
54057 125818
54118 125937
54179 125938
54117 125819
54118 125878
54059 125878
54058 125879
54060 125877
54118 125819
54057 125877
54177 125877
54058 125938
54059 125877
54118 125878
54057 125877
54177 125939
54118 125937
54060 125938
54057 125878
54059 125818
54118 125878
54058 125879
54057 125879
54117 125878
54177 125878
54118 125878
54058 125878
54117 125939
54117 125938
54060 125819
54120 125819
54119 125819
54117 125878
54118 125817
54059 125938
54178 125939
54060 125819
54058 125879
54118 125819
54118 125879
54238 125939
54119 125819
54177 125938
54057 125878
54119 125877
54057 125878
54060 125938
54119 125938
54178 125939
54120 125878
54117 125938
54058 125938
54060 125879
54117 125938
54060 125939
54059 125818
54058 125819
54118 125758
54059 125939
54058 125878
54238 125938
54057 125879
54118 125939
54178 125938
54238 125938
54120 125698
54118 125937
54178 125879
54117 125938
54177 125879
54178 125877
54180 125939
54118 125939
54057 125937
54058 125759
54059 125877
54119 125938
54117 125937
54057 125819
54058 125939
54117 125938
54180 125818
54058 125878
54060 125879
54239 125938
54057 125878
54178 125937
54060 125819
54178 125818
54058 125938
54237 125877
54057 125878
54118 125937
54118 125818
54119 125937
54060 125877
54057 125938
54057 125878
54060 125817
54117 125877
54117 125879
54119 125879
54118 125879
54057 125818
54238 125759
54058 125939
54178 125879
54058 125877
54119 125938
54060 125937
54238 125939
54180 125759
54060 125939
54120 125938
54059 125759
54058 125878
54058 125937
54060 125877
54060 125879
54118 125879
54059 125878
54117 125938
54120 125818
54117 125937
54177 125938
54120 125877
54118 125878
54060 125818
54059 125878
54118 125878
54177 125939
54118 125877
54058 125818
54118 125938
54058 125939
54177 125878
54060 125818
54178 125818
54057 125939
54058 125817
54120 125877
54060 125938
54058 125937
54060 125877
54118 125938
54120 125817
54120 125817
54060 125879
54058 125938
54058 125877
54178 125879
54120 125757
54058 125937
54118 125879
54120 125819
54239 125939
54057 125939
54117 125938
54117 125758
54060 125877
54060 125819
54118 125817
54060 125817
54178 125939
54117 125938
54297 125938
54117 125818
54060 125938
54058 125938
54058 125937
54118 125937
54119 125818
54058 125759
54178 125937
54059 125937
54060 125877
54117 125819
54120 125937
54057 125879
54058 125878
54177 125878
54059 125878
54118 125699
54117 125878
54120 125818
54058 125878
54057 125879
54058 125877
54178 125937
54120 125878
54058 125878
54117 125879
54060 125938
54118 125937
54058 125937
54119 125818
54060 125819
54178 125937
54118 125877
54057 125937
54118 125879
54120 125878
54120 125879
54060 125877
54117 125878
54060 125937
54059 125938
54117 125878
54060 125939
54237 125818
54237 125818
54237 125877
54179 125939
54060 125938
54057 125817
54059 125938
54297 125758
54058 125938
54058 125938
54057 125939
54060 125938
54177 125938
54057 125938
54118 125817
54118 125879
54119 125878
54120 125877
54118 125938
54117 125937
54178 125819
54177 125939
54119 125938
54118 125818
54118 125939
54057 125938
54118 125878
54117 125879
54118 125938
54059 125879
54058 125877
54119 125877
54058 125938
54057 125938
54060 125819
54118 125938
54120 125818
54120 125877
54118 125938
54058 125819
54117 125879
54058 125937
54118 125939
54117 125938
54057 125818
54057 125939
54060 125879
54060 125877
54119 125879
54178 125939
54117 125818
54117 125879
54057 125938
54177 125939
54117 125938
54179 125938
54060 125877
54058 125937
54060 125879
54119 125879
54119 125878
54118 125878
54117 125938
54119 125817
54117 125938
54058 125878
54058 125877
54059 125938
54118 125939
54120 125937
54179 125938
54058 125818
54057 125878
54057 125938
54178 125878
54057 125937
54118 125758
54118 125759
54117 125938
54060 125937
54117 125938
54060 125938
54178 125699
54119 125939
54118 125878
54058 125939
54118 125938
54118 125879
54058 125758
54117 125938
54117 125878
54058 125938
54057 125938
54117 125878
54118 125878
54120 125818
54120 125937
54057 125818
54058 125878
54118 125939
54060 125878
54118 125937
54178 125879
54120 125877
54057 125879
54118 125938
54060 125938
54239 125879
54120 125938
54180 125937
54240 125938
54118 125879
54058 125877
54118 125818
54057 125879
54060 125878
54180 125937
54058 125938
54058 125937
54117 125878
54119 125937
54058 125819
54117 125819
54058 125939
54057 125877
54117 125938
54178 125877
54118 125878
54119 125819
54060 125818
54238 125819
54120 125879
54060 125937
54300 125878
54177 125877
54058 125878
54060 125819
54060 125877
54238 125939
54118 125877
54060 125818
54117 125879
54118 125759
54240 125938
54060 125879
54238 125938
54058 125817
54059 125939
54060 125817
54119 125877
54057 125877
54118 125877
54118 125879
54117 125879
54058 125878
54117 125939
54058 125938
54238 125878
54058 125879
54117 125877
54058 125938
54057 125939
54057 125937
54057 125938
54180 125879
54178 125938
54120 125878
54057 125878
54118 125819
54059 125878
54119 125938
54120 125879
54058 125938
54060 125759
54060 125878
54238 125819
54057 125938
54118 125758
54178 125939
54058 125938
54117 125937
54058 125939
54059 125937
54060 125878
54120 125938
54118 125878
54177 125878
54117 125758
54060 125937
54118 125877
54060 125937
54060 125938
54120 125939
54118 125879
54058 125878
54058 125818
54057 125817
54118 125878
54060 125938
54180 125877
54177 125817
54177 125938
54118 125877
54120 125879
54118 125758
54060 125877
54177 125938
54058 125819
54058 125878
54058 125877
54117 125877
54118 125939
54120 125938
54119 125819
54057 125938
54238 125817
54060 125877
54060 125939
54239 125939
54059 125817
54118 125938
54238 125878
54178 125877
54118 125878
54058 125879
54057 125758
54119 125877
54118 125759
54238 125818
54177 125939
54119 125879
54117 125758
54118 125817
54058 125879
54119 125878
54058 125937
54118 125877
54058 125939
54059 125817
54178 125878
54117 125879
54119 125877
54057 125939
54117 125879
54057 125878
54058 125879
54178 125939
54060 125878
54058 125879
54058 125939
54178 125817
54117 125938
54238 125817
54058 125938
54177 125878
54118 125877
54059 125877
54057 125759
54060 125879
54118 125758
54119 125878
54058 125938
54117 125819
54058 125938
54117 125877
54180 125878
54058 125878
54058 125937
54118 125878
54118 125817
54177 125817
54120 125879
54059 125937
54059 125817
54118 125817
54179 125878
54057 125818
54178 125878
54178 125937
54058 125939
54058 125938
54058 125939
54177 125938
54060 125938
54118 125819
54059 125877
54058 125939
54118 125878
54118 125878
54059 125879
54058 125879
54118 125878
54058 125937
54059 125819
54057 125817
54060 125938
54058 125879
54117 125938
54118 125939
54178 125877
54118 125878
54059 125938
54120 125878
54060 125817
54118 125877
54178 125759
54057 125879
54058 125877
54117 125878
54177 125879
54058 125877
54060 125819
54060 125877
54060 125817
54057 125939
54178 125879
54239 125877
54177 125877
54120 125819
54177 125939
54057 125877
54180 125819
54059 125877
54057 125937
54060 125937
54177 125937
54060 125878
54060 125818
54177 125878
54059 125878
54058 125938
54180 125878
54118 125759
54117 125938
54058 125877
54118 125878
54059 125938
54058 125877
54060 125938
54060 125939
54117 125939
54060 125819
54058 125937
54057 125818
54060 125877
54058 125939
54059 125878
54057 125938
54118 125879
54118 125879
54238 125818
54120 125759
54057 125819
54178 125878
54059 125937
54060 125938
54118 125939
54237 125878
54177 125878
54118 125818
54059 125817
54058 125939
54120 125878
54118 125937
54058 125939
54058 125877
54060 125877
54240 125879
54118 125938
54117 125758
54057 125878
54060 125819
54119 125879
54060 125938
54060 125939
54057 125939
54060 125938
54058 125817
54059 125939
54118 125877
54177 125939
0 600038145
54178 125878
54118 125939
54058 125818
54059 125759
54118 125818
54118 125819
54120 125939
54057 125878
54058 125878
54060 125818
54118 125878
54118 125937
54060 125819
54058 125877
54117 125937
54177 125879
54117 125938
54058 125878
54118 125819
54117 125877
54118 125938
54060 125937
54058 125877
54238 125817
54059 125758
54057 125877
54179 125879
54057 125878
54117 125939
54058 125877
54060 125938
54180 125939
54119 125878
54058 125938
54057 125819
54059 125879
54118 125877
54057 125817
54178 125938
54118 125877
54178 125818
54060 125939
54118 125878
54058 125878
54179 125938
54058 125937
54178 125877
54060 125818
54117 125938
54118 125879
54120 125878
54177 125817
54059 125937
54177 125818
54057 125939
54117 125937
54120 125877
54118 125939
54177 125878
54057 125939
54117 125878
54058 125938
54178 125877
54060 125819
54180 125937
54060 125817
54178 125937
54059 125819
54117 125879
54120 125938
54057 125879
54117 125877
54059 125878
54240 125877
54117 125938
54060 125878
54058 125877
54059 125879
54118 125878
54118 125757
54058 125938
54177 125819
54179 125878
54178 125939
54117 125879
54120 125878
54060 125877
54057 125938
54057 125939
54058 125938
54178 125819
54057 125877
54178 125878
54059 125877
54117 125939
54058 125758
54058 125937
54057 125759
54060 125817
54177 125938
54058 125937
54178 125939
54058 125877
54059 125877
54178 125937
54057 125819
54057 125818
54058 125817
54118 125938
54178 125879
54118 125937
54118 125878
54058 125937
54118 125878
54057 125937
54180 125879
54118 125938
54057 125939
54298 125878
54057 125818
54120 125878
54118 125937
54057 125937
54060 125819
54057 125818
54118 125818
54118 125939
54058 125939
54060 125939
54238 125759
54178 125939
54119 125819
54118 125937
54058 125879
54180 125937
54120 125879
54119 125938
54058 125938
54058 125819
54179 125878
54118 125818
54060 125878
54179 125938
54118 125877
54059 125879
54118 125937
54178 125939
54177 125878
54058 125817
54117 125937
54058 125937
54118 125817
54237 125937
54057 125939
54060 125938
54177 125819
54118 125819
54058 125878
54119 125878
54058 125877
54057 125938
54057 125877
54057 125937
54120 125758
54117 125878
54059 125879
54178 125938
54177 125817
54118 125818
54120 125878
54058 125819
54119 125939
54117 125937
54057 125878
54178 125937
54058 125758
54059 125818
54117 125938
54117 125818
54117 125937
54117 125938
54120 125878
54118 125937
54179 125877
54120 125938
54120 125938
54118 125937
54058 125939
54118 125819
54118 125878
54177 125878
54060 125937
54059 125759
54060 125878
54060 125879
54057 125758
54118 125879
54239 125937
54120 125938
54119 125878
54118 125938
54117 125818
54058 125818
54057 125937
54118 125879
54120 125877
54059 125878
54058 125879
54060 125879
54178 125879
54120 125878
54118 125817
54118 125819
54117 125938
54059 125818
54057 125699
54178 125818
54177 125878
54178 125878
54177 125938
54118 125879
54120 125937
54057 125937
54238 125938
54059 125757
54237 125817
54060 125877
54058 125939
54059 125877
54060 125818
54118 125877
54118 125937
54057 125878
54060 125879
54058 125938
54118 125939
54118 125937
54058 125818
54118 125938
54060 125939
54059 125879
54119 125939
54059 125818
54177 125878
54058 125939
54117 125879
54297 125879
54118 125819
54117 125938
54059 125817
54358 125879
54058 125878
54057 125877
54119 125937
54180 125939
54118 125818
54118 125819
54239 125879
54060 125878
54178 125937
54060 125939
54120 125877
54058 125937
54058 125878
54057 125878
54117 125937
54118 125938
54118 125878
54118 125759
54178 125879
54058 125877
54058 125938
54059 125878
54118 125879
54057 125939
54058 125938
54118 125818
54239 125938
54117 125879
54060 125938
54177 125937
54060 125938
54058 125938
54058 125938
54118 125817
54057 125877
54118 125937
54060 125819
54178 125879
54119 125758
54057 125937
54058 125819
54120 125877
54059 125818
54060 125878
54118 125939
54058 125938
54058 125938
54120 125938
54118 125939
54057 125877
54058 125937
54058 125937
54058 125879
54178 125938
54057 125878
54057 125818
54117 125937
54059 125938
54060 125939
54057 125877
54117 125938
54060 125819
54118 125877
54060 125757
54179 125878
54119 125938
54120 125939
54059 125939
54177 125817
54118 125938
54060 125879
54057 125937
54057 125878
54060 125757
54058 125878
54239 125878
54057 125937
54060 125938
54060 125939
54058 125878
54118 125938
54058 125878
54238 125938
54118 125877
54119 125877
54178 125878
54057 125877
54118 125877
54120 125937
54118 125937
54118 125877
54118 125819
54058 125819
54178 125939
54119 125938
54057 125877
54119 125937
54119 125937
54117 125937
54118 125758
54117 125818
54059 125817
54117 125937
54118 125877
54058 125818
54059 125937
54058 125758
54058 125939
54058 125938
54118 125879
54059 125699
54060 125937
54118 125878
54117 125877
54058 125937
54118 125937
54118 125938
54058 125937
54118 125937
54060 125878
54057 125817
54120 125939
54060 125818
54058 125938
54180 125938
54117 125877
54058 125939
54117 125878
54060 125699
54059 125878
54059 125938
54059 125938
54060 125939
54059 125817
54059 125877
54118 125879
54058 125937
54058 125819
54117 125937
54057 125937
54058 125938
54118 125879
54117 125817
54057 125758
54118 125878
54058 125939
54059 125879
54059 125877
54118 125938
54059 125819
54058 125939
54057 125759
54057 125819
54059 125877
54058 125939
54117 125877
54120 125818
54117 125878
54118 125757
54060 125878
54058 125878
54118 125879
54117 125878
54118 125939
54057 125937
54178 125819
54057 125878
54118 125938
54238 125937
54178 125938
54180 125818
54058 125877
54057 125818
54118 125937
54118 125877
54058 125939
54120 125937
54057 125818
54119 125938
54117 125878
54117 125639
54058 125878
54117 125938
54059 125937
54119 125938
54117 125878
54060 125937
54178 125939
54060 125878
54178 125939
54060 125817
54118 125938
54058 125817
54179 125819
54238 125879
54120 125937
54057 125818
54058 125818
54118 125819
54117 125938
54120 125818
54179 125938
54118 125939
54177 125938
54057 125819
54120 125939
54118 125939
54060 125877
54120 125938
54058 125877
54060 125939
54178 125938
54179 125937
54178 125938
54060 125818
54118 125758
54177 125939
54059 125879
54060 125758
54180 125878
54180 125878
54060 125879
54059 125757
54058 125939
54177 125879
54059 125818
54117 125937
54118 125879
54060 125819
54060 125878
54060 125938
54297 125938
54118 125938
54060 125878
54057 125878
54058 125937
54057 125818
54117 125939
54177 125938
54059 125877
54177 125937
54060 125878
54057 125879
54059 125877
54059 125938
54118 125938
54058 125939
54120 125937
54178 125879
54117 125877
54057 125818
54180 125817
54177 125817
54118 125937
54060 125938
54060 125938
54060 125937
54059 125758
54060 125938
54118 125877
54118 125938
54118 125877
54119 125878
54058 125878
54119 125937
54118 125877
54118 125818
54060 125819
54059 125879
54059 125937
54058 125937
54058 125937
54060 125877
54118 125937
54057 125878
54117 125818
54120 125819
54120 125879
54118 125879
54058 125879
54058 125818
54118 125878
54060 125878
54119 125938
54237 125877
54058 125878
54117 125878
54058 125878
54058 125817
54179 125817
54058 125877
54178 125938
54058 125879
54058 125818
54058 125819
54118 125937
54057 125878
54117 125878
54237 125877
54060 125937
54117 125817
54178 125937
54058 125879
54118 125877
54117 125879
54059 125939
54058 125878
54120 125938
54120 125878
54060 125877
54059 125938
54060 125879
54118 125937
54119 125938
54178 125937
54178 125939
54118 125817
54058 125878
54178 125817
54117 125878
54058 125878
54120 125879
54178 125878
54119 125878
54119 125939
54060 125878
54179 125818
54119 125819
54180 125878
54057 125937
54177 125758
54060 125699
54118 125818
54060 125878
54058 125939
54058 125938
54179 125759
54180 125937
54177 125939
54120 125757
54118 125818
54180 125879
54060 125938
54117 125938
54178 125818
54118 125878
54178 125939
54117 125818
54058 125937
54059 125818
54118 125879
54119 125938
54178 125878
54117 125757
54059 125817
54058 125879
54058 125879
54058 125939
54178 125879
54238 125938
54117 125817
54059 125877
54180 125817
54178 125879
54060 125818
54058 125878
54057 125879
54060 125939
54178 125759
54237 125937
54058 125937
54118 125817
54120 125879
54179 125818
54179 125758
54058 125818
54117 125877
54118 125818
54058 125879
54179 125938
54058 125879
54058 125819
54058 125818
54118 125878
54060 125879
54060 125819
54118 125938
54118 125937
54060 125878
54118 125879
54117 125817
54057 125877
54178 125937
54058 125939
54058 125879
54060 125879
54058 125878
54118 125878
54119 125938
54179 125819
54058 125819
54059 125817
54117 125878
54178 125879
54117 125879
54059 125879
54058 125878
54178 125877
54058 125938
54120 125759
54059 125817
54060 125938
54117 125878
54057 125938
54057 125818
54118 125937
54117 125878
54118 125759
54118 125937
54237 125938
54119 125878
54058 125937
54058 125878
54060 125817
54057 125817
54058 125939
54237 125878
54117 125878
54180 125877
54058 125877
54118 125878
54058 125939
54057 125877
54120 125878
54058 125879
54117 125878
54057 125879
54119 125818
54180 125819
54118 125938
54060 125939
54057 125878
54180 125879
54060 125938
54058 125879
54177 125818
54059 125817
54060 125879
54058 125937
54118 125939
54058 125878
54117 125939
54117 125758
54057 125878
54177 125817
54059 125938
54060 125938
54120 125938
54058 125939
54057 125819
54178 125877
54178 125879
54120 125878
54057 125818
54118 125938
54057 125757
54059 125937
54237 125939
54118 125937
54118 125939
54180 125878
54118 125937
54057 125938
54178 125819
54179 125939
54178 125817
54058 125878
54059 125877
54058 125938
54118 125938
54058 125939
54117 125937
54058 125819
54179 125878
54177 125879
54118 125819
54058 125937
54058 125879
54177 125878
54118 125878
54058 125938
54060 125817
54179 125938
54119 125818
54118 125877
54057 125879
54177 125879
54060 125938
54058 125759
54118 125939
54178 125879
54120 125877
54060 125877
54057 125878
54059 125939
54058 125879
54057 125938
